136
53
158
180
173
6
194
161
24
149
131
47
65
116
105
77
166
28
184
11
35
126
29
156
112
4
190
10
177
104
147
54
30
48
160
192
181
103
146
22
20
18
69
108
67
163
36
140
93
68
110
139
191
142
159
193
41
96
115
198
46
60
118
59
72
109
51
141
66
176
137
23
186
114
64
15
61
155
144
132
21
7
164
58
71
27
107
90
39
165
8
185
119
40
174
187
81
169
196
17
157
188
85
31
13
56
113
171
88
16
25
44
120
82
78
168
145
179
91
55
52
106
178
3
32
138
49
102
62
9
33
37
148
167
111
124
12
130
94
189
19
152
74
125
87
150
101
1
97
26
100
99
121
182
