176
66
141
51
109
72
59
118
60
46
198
139
191
110
68
93
140
36
163
67
108
69
18
20
22
146
103
195
159
193
41
96
5
42
192
160
48
30
54
147
104
177
10
190
4
112
156
29
126
35
11
184
28
166
77
105
116
65
47
131
149
24
161
194
6
173
180
158
53
136
182
121
99
100
26
97
1
101
150
87
125
74
152
19
189
94
130
12
124
111
167
172
129
82
120
44
25
16
88
171
113
56
13
31
85
188
157
168
78
145
179
91
169
196
81
187
174
90
107
27
71
58
164
7
95
39
165
119
40
185
8
138
32
3
178
49
102
155
144
61
62
9
33
37
148
15
64
114
186
23
137
