62
61
144
155
102
49
138
32
3
178
106
185
40
119
8
165
39
95
7
164
58
71
27
107
90
174
187
81
196
169
91
179
145
78
168
157
188
85
31
13
56
113
171
88
16
25
44
120
82
2
87
125
74
152
97
1
150
101
26
100
19
189
99
121
182
136
53
158
180
173
6
194
161
24
149
131
47
65
116
105
77
166
28
184
11
35
126
29
156
112
4
190
10
177
104
147
54
30
48
160
192
42
5
96
41
193
159
195
103
146
22
20
18
69
108
67
163
36
140
93
117
170
0
68
110
191
139
198
46
60
118
59
72
109
51
141
66
176
137
23
186
114
64
15
12
130
94
124
111
167
148
37
33
9
