118
60
141
66
51
109
72
162
161
194
6
173
180
158
53
136
182
121
99
100
26
101
150
1
97
19
189
94
130
12
124
111
167
152
74
125
87
2
82
120
44
25
78
145
168
31
13
56
188
157
17
196
81
187
174
169
91
179
55
52
106
178
3
32
138
8
185
40
119
165
39
90
107
27
71
58
164
7
21
132
144
155
49
102
62
9
61
15
64
114
186
23
76
89
183
153
0
170
117
93
140
68
46
198
139
191
110
163
67
108
69
18
20
22
146
103
195
159
193
41
96
5
42
192
160
48
30
54
147
104
177
10
190
184
28
166
11
84
4
112
126
156
29
24
149
131
77
105
116
65
59
