56
13
31
168
91
179
145
78
25
44
120
82
2
87
125
74
152
97
1
150
101
26
100
53
158
154
6
173
180
136
182
121
99
189
19
94
124
130
12
176
66
141
60
109
51
72
118
59
65
116
105
77
131
149
24
29
156
126
112
4
84
11
166
28
184
190
10
177
104
147
54
30
48
160
192
181
103
146
195
159
193
41
96
115
198
46
68
139
191
110
163
69
108
67
36
140
93
117
170
0
153
183
89
76
23
186
114
64
15
148
37
33
9
62
61
144
155
102
49
138
32
3
178
106
185
40
119
8
165
39
95
7
164
58
71
27
107
90
174
187
81
169
196
17
157
188
