178
3
32
49
102
62
9
33
37
148
12
130
94
124
111
167
172
92
179
91
157
188
56
113
171
88
16
13
31
168
145
78
82
44
120
150
101
1
97
26
100
19
189
99
121
182
136
53
158
180
173
6
194
127
29
156
126
112
4
84
11
166
131
149
24
161
162
72
109
51
66
141
60
118
59
115
46
198
139
110
191
193
41
96
5
105
116
65
47
77
28
184
104
147
54
30
48
160
192
181
103
146
195
159
199
18
69
108
67
163
36
140
93
117
0
170
143
183
89
76
23
186
114
64
15
61
144
155
14
138
21
7
164
58
71
27
107
90
174
187
81
196
169
40
119
165
8
185
106
