82
2
87
125
74
152
97
1
150
101
26
100
19
124
111
167
33
37
148
12
130
94
189
99
121
182
136
53
158
180
173
6
194
127
29
156
126
112
4
84
11
184
104
147
54
30
48
160
192
181
103
146
195
159
142
110
68
140
93
117
170
0
46
198
139
191
193
41
96
5
42
28
166
77
105
116
65
47
131
149
24
161
162
133
80
176
66
51
109
72
59
118
60
141
137
23
186
114
64
15
61
9
62
144
155
102
49
32
3
178
106
185
40
119
165
8
138
21
7
164
58
71
27
107
90
174
187
81
196
169
91
179
145
78
168
157
188
85
31
13
56
113
171
88
16
25
44
120
