116
59
118
72
51
109
60
141
66
176
12
130
124
94
63
182
136
180
158
53
121
99
189
19
152
74
125
87
1
97
26
100
101
150
120
44
82
129
172
167
111
148
37
33
9
62
61
102
49
144
155
14
138
32
3
178
106
52
55
91
179
145
78
168
31
13
16
88
171
113
56
188
157
17
196
169
81
187
174
119
40
185
8
165
39
95
58
164
7
21
132
73
64
114
186
23
76
89
183
153
0
170
117
93
140
36
67
108
69
163
110
139
191
41
193
159
195
146
103
181
192
160
48
30
54
147
104
184
28
166
11
84
4
112
126
156
29
127
70
6
194
161
24
149
131
77
47
65
105
