100
26
97
87
125
74
152
124
12
130
94
19
189
99
121
182
136
53
158
180
173
6
194
161
24
29
156
126
112
4
84
11
166
28
184
104
147
54
30
48
160
192
181
159
193
41
191
139
110
163
69
108
67
36
140
93
68
46
198
115
96
5
116
105
77
131
149
47
65
59
72
51
109
118
60
141
66
176
137
23
186
114
64
15
148
37
33
9
62
61
144
155
102
49
138
32
3
178
128
167
55
52
91
179
145
78
168
157
17
196
169
40
119
185
8
165
39
95
7
164
58
71
27
107
90
174
187
81
98
188
85
31
13
56
113
171
88
16
25
44
120
82
2
150
101
1
