26
97
1
101
150
120
44
25
16
88
171
113
56
13
31
85
188
157
17
196
169
81
187
174
90
107
27
71
58
164
7
21
132
144
155
102
49
178
3
32
138
8
165
119
40
185
91
179
145
168
78
82
2
87
125
74
152
167
111
148
37
33
9
62
61
15
64
114
186
23
76
89
183
153
0
170
117
93
140
36
163
67
108
69
18
20
22
146
103
195
159
193
41
96
5
42
43
77
166
28
192
160
48
30
54
147
104
184
11
84
4
112
126
156
29
24
149
131
47
65
105
116
115
198
46
60
141
66
51
109
118
59
72
151
133
63
94
130
12
124
19
189
99
182
136
173
6
154
180
158
53
121
100
