171
88
16
25
44
120
82
92
57
55
52
106
178
3
32
49
128
167
111
124
189
19
152
74
125
87
150
101
1
97
26
100
99
121
53
158
154
6
70
127
29
156
126
112
4
84
11
166
28
184
104
147
54
30
48
160
192
181
103
146
22
20
18
69
108
67
163
36
140
93
117
0
170
143
183
89
83
64
114
186
23
137
176
66
141
51
109
60
46
198
115
41
193
159
96
5
116
105
77
47
65
59
118
72
162
161
194
173
180
136
182
63
94
130
12
148
37
33
9
62
61
144
155
14
138
8
185
40
119
165
39
95
7
164
58
71
27
107
90
174
187
81
169
196
17
157
91
179
145
78
168
31
13
85
188
56
113
