193
41
96
5
42
192
160
48
30
54
147
104
177
10
190
184
28
11
166
77
105
116
65
47
131
149
24
161
194
6
173
180
158
53
86
150
101
1
97
26
100
121
182
136
63
130
12
124
94
99
189
19
152
74
125
87
111
167
128
178
3
32
8
185
119
40
174
169
196
91
179
92
82
120
44
25
16
88
171
113
56
13
31
85
188
157
17
81
187
90
107
27
71
58
164
7
95
39
165
138
14
155
144
49
102
62
9
61
15
64
114
186
23
76
89
183
153
0
170
117
93
140
68
46
60
141
66
51
109
72
59
118
115
198
139
191
110
163
67
108
69
18
20
22
146
103
195
159
