11
35
29
156
126
112
4
190
10
177
104
147
54
30
48
160
184
28
42
5
96
41
193
159
195
103
146
22
20
18
69
108
67
163
36
140
93
117
170
0
46
68
110
191
139
198
115
59
72
118
60
109
51
141
66
176
137
23
186
114
64
15
33
37
148
111
167
128
9
62
61
144
155
21
7
164
58
71
27
107
90
187
81
174
169
196
17
157
31
85
188
56
13
171
88
16
25
44
120
82
78
168
145
179
91
185
40
119
8
165
39
138
32
3
178
106
52
55
172
87
125
74
152
97
1
150
101
26
100
19
124
12
130
94
189
99
121
182
136
53
158
180
173
6
194
161
24
149
131
47
65
116
105
77
166
