102
49
33
37
9
62
61
15
64
114
186
23
76
89
183
153
0
170
117
93
140
36
67
108
69
163
110
139
191
41
193
159
195
146
103
181
192
42
5
96
116
105
47
65
59
118
60
141
66
51
109
72
162
161
24
149
131
77
166
11
184
28
160
48
30
54
147
104
177
10
190
4
112
126
156
29
127
194
6
173
180
158
53
136
182
121
99
100
26
97
1
101
150
120
44
25
78
31
13
56
188
98
81
187
174
169
196
17
157
168
145
91
179
92
82
2
87
125
74
152
19
189
94
130
12
124
111
167
128
55
52
185
40
119
8
165
39
95
58
164
7
21
132
144
155
