192
160
48
30
54
147
104
177
10
190
4
112
126
156
29
24
149
131
47
65
116
105
77
166
11
184
28
42
5
96
115
59
72
118
60
141
109
51
66
176
80
133
173
6
154
180
158
53
136
182
121
99
100
26
97
1
101
150
87
125
74
152
19
189
94
130
12
124
111
167
148
37
33
102
49
138
32
3
178
106
52
55
57
92
82
120
44
25
78
31
13
56
188
157
168
145
179
91
169
196
81
187
174
119
40
185
8
165
39
90
107
27
71
58
164
7
21
132
144
155
61
62
9
15
64
114
186
23
76
89
183
153
0
170
117
93
140
68
46
198
139
191
110
163
67
108
69
142
41
193
159
181
