13
31
168
145
78
25
44
120
82
2
87
125
74
152
97
1
150
101
26
100
19
189
99
121
53
158
136
182
63
133
162
161
194
173
180
154
6
70
127
29
156
126
112
4
84
11
166
28
184
104
147
54
30
48
160
192
181
103
146
195
159
199
18
69
108
67
163
110
139
191
193
41
96
5
42
43
105
77
131
149
47
65
116
59
118
60
46
68
140
93
117
170
0
141
66
51
109
72
151
79
122
94
130
12
124
111
167
148
37
33
9
62
61
155
144
132
21
7
164
58
71
27
107
90
39
165
119
40
185
8
138
32
3
178
106
52
55
179
91
169
174
187
81
196
17
157
188
56
113
171
88
16
