68
46
198
115
96
5
105
77
47
65
116
59
118
72
51
109
60
141
66
176
137
23
186
114
64
144
155
102
49
32
138
21
7
164
58
71
27
107
90
39
165
8
185
40
119
174
187
81
169
196
17
157
188
85
31
13
56
113
171
88
16
78
168
145
179
91
55
52
106
178
3
128
167
111
37
33
9
62
61
148
12
130
124
94
19
189
99
97
1
152
74
125
87
2
82
44
120
150
101
26
100
121
182
136
53
158
180
173
6
194
127
29
156
126
112
4
84
11
166
28
184
190
10
177
104
147
54
30
48
160
192
181
103
146
195
41
139
110
191
193
159
199
18
69
108
67
163
36
140
93
