1
101
150
87
125
74
152
167
111
148
37
33
9
62
102
49
138
32
3
178
106
52
55
129
82
92
179
91
145
78
168
31
13
56
188
157
17
196
169
81
187
174
40
119
185
8
165
39
95
58
164
7
21
155
144
61
15
64
114
186
23
89
183
76
137
141
60
46
68
0
170
117
93
140
36
163
67
108
69
18
199
159
193
41
191
110
139
198
115
96
5
116
65
47
105
77
166
28
192
181
146
103
160
48
30
54
147
104
177
10
190
4
84
184
11
35
112
126
156
29
24
161
162
72
59
118
109
51
66
176
12
130
124
94
63
173
6
154
180
158
53
136
182
121
99
189
19
100
26
97
