117
170
0
141
60
46
198
139
110
191
193
41
96
5
116
65
47
105
77
131
149
24
161
162
72
59
118
109
51
66
176
80
63
136
182
99
189
19
94
130
12
124
148
37
33
9
62
61
155
144
132
21
7
164
58
95
39
165
119
40
185
8
138
32
49
128
167
111
152
74
125
87
2
82
92
179
91
145
168
157
17
196
169
174
187
81
98
188
50
113
171
88
16
56
13
31
78
25
44
120
150
101
1
97
26
100
121
53
158
180
173
6
194
127
29
156
126
112
4
84
11
166
28
184
190
10
177
104
147
54
30
48
160
192
181
103
146
195
159
199
18
69
108
67
163
36
140
93
