84
11
184
28
166
77
105
116
65
47
131
149
24
112
126
156
29
127
194
161
162
133
63
182
136
180
173
6
154
158
53
121
99
189
19
100
26
97
101
150
1
152
74
125
87
2
82
120
44
25
16
88
171
113
56
13
31
85
188
157
17
196
169
81
187
174
90
107
27
71
58
164
7
95
39
165
8
119
40
185
106
178
3
32
138
14
155
144
102
49
128
167
111
148
37
33
9
62
61
15
64
114
83
89
183
76
23
137
176
66
141
51
109
72
59
118
60
46
198
115
96
41
193
159
199
69
163
67
108
18
20
22
146
103
181
192
160
48
30
54
147
104
177
10
190
4
