74
125
87
167
111
124
12
130
94
63
182
136
180
173
133
80
176
66
51
109
60
141
137
23
186
15
61
9
62
102
49
144
155
14
138
32
3
178
106
52
55
91
179
145
168
78
16
88
171
113
50
188
56
13
31
157
17
196
169
81
187
174
40
119
185
8
165
39
90
107
27
71
58
164
7
21
132
73
64
114
83
89
183
153
0
170
117
93
140
68
46
198
115
41
193
159
195
146
103
181
96
5
42
192
160
48
30
54
147
104
177
10
190
184
28
77
105
116
65
59
118
72
149
131
166
11
84
4
112
126
156
29
127
194
6
154
158
53
121
99
189
19
100
26
101
150
1
97
152
