162
161
24
149
131
11
35
126
29
156
112
4
190
10
177
104
147
54
30
34
103
146
195
159
199
18
69
108
67
163
36
140
93
68
46
198
115
96
41
193
181
192
160
48
184
28
166
77
105
116
65
59
118
60
0
170
143
183
89
76
23
186
114
64
15
61
62
9
33
37
148
111
167
172
129
82
92
179
91
55
52
106
178
3
32
138
14
155
144
132
21
7
164
58
71
27
107
90
187
81
174
169
196
17
157
188
56
13
31
168
145
78
25
44
120
150
101
1
87
125
74
152
97
26
100
19
189
99
121
182
136
53
158
180
173
6
194
133
80
176
66
141
51
109
72
