103
181
192
160
48
30
54
147
104
177
10
190
184
28
166
11
84
4
112
126
156
29
24
149
131
77
47
65
116
105
5
96
115
198
46
60
141
66
51
109
118
59
72
162
161
133
63
182
136
180
158
53
121
99
100
26
101
150
1
97
19
189
94
130
12
124
111
148
37
33
9
61
62
128
167
152
74
125
87
2
82
120
44
25
78
31
13
56
188
157
17
196
81
187
174
169
168
145
179
91
185
40
119
8
165
39
90
107
27
71
58
164
7
21
138
32
3
178
49
102
155
144
64
114
186
23
76
89
183
153
0
170
117
93
140
36
163
67
108
69
18
199
159
193
41
195
146
