5
105
116
65
47
77
131
149
24
161
194
127
29
156
126
112
4
190
10
177
104
147
54
30
48
184
11
166
28
160
192
181
103
146
22
20
18
69
108
67
163
36
140
93
117
0
170
143
183
89
76
23
186
114
64
15
148
37
33
9
62
61
102
49
155
144
14
138
32
3
178
106
185
40
119
8
165
39
95
7
164
58
71
27
107
90
174
187
81
169
196
17
157
188
56
113
171
88
16
13
31
168
78
145
91
179
92
82
44
120
150
101
1
97
26
100
53
158
180
154
6
173
136
182
121
99
189
19
152
74
125
87
167
111
124
94
130
12
176
66
141
51
109
72
59
118
60
46
198
139
191
110
142
159
193
41
96
