89
76
23
186
114
64
15
61
62
9
33
37
148
111
167
172
129
82
92
57
55
52
106
178
3
32
138
49
102
155
144
132
21
7
164
58
71
27
107
90
39
165
8
185
40
119
174
187
81
196
169
91
179
145
168
157
188
56
113
171
88
16
13
31
78
25
44
120
150
101
1
97
26
100
19
189
99
121
182
136
53
158
180
173
6
194
161
162
72
151
133
63
94
124
130
12
176
66
141
51
109
60
118
59
115
96
5
105
116
65
47
77
149
131
166
11
35
29
156
126
112
4
190
10
177
104
147
54
30
48
184
28
160
192
181
103
146
22
20
18
108
67
163
69
199
159
193
41
191
139
110
68
46
0
153
183
