33
9
62
61
102
49
178
3
32
138
14
155
144
132
21
7
164
58
71
27
107
90
187
81
174
39
165
8
185
119
40
169
196
91
179
145
78
168
157
188
85
31
13
56
113
171
88
16
25
44
120
82
2
87
125
74
152
19
189
97
1
150
101
26
100
99
121
182
136
53
158
180
173
6
194
161
24
149
131
47
65
116
105
77
166
28
184
11
35
126
29
156
112
4
190
10
177
104
147
54
30
48
160
192
181
103
146
195
159
193
41
191
139
110
163
69
108
67
36
140
93
68
46
0
153
183
89
76
23
137
176
66
141
51
109
60
118
59
72
151
80
12
130
94
124
111
167
148
37
