159
195
146
103
181
192
160
48
30
54
147
104
184
28
166
11
84
4
112
126
156
29
24
161
194
6
173
180
158
53
100
26
101
150
1
97
152
74
125
87
2
120
44
82
145
168
78
16
88
171
113
56
13
31
85
188
157
17
196
169
91
179
92
172
167
33
37
9
62
144
155
14
138
32
3
178
106
185
40
119
8
165
39
95
58
164
7
21
132
61
15
64
114
186
23
148
111
124
12
130
94
19
189
99
121
182
136
63
80
176
66
141
60
109
51
72
118
59
65
116
105
47
149
131
77
43
42
5
96
41
193
191
110
139
198
46
68
93
140
36
163
67
108
69
18
199
