65
59
118
60
141
51
109
72
162
161
194
6
173
180
158
53
136
182
121
99
100
26
97
1
101
150
2
82
120
44
25
78
145
168
31
13
16
88
171
113
56
188
157
17
196
169
91
179
55
52
106
178
3
185
8
165
119
40
174
81
187
90
107
27
71
58
164
7
21
138
32
49
102
155
144
61
62
9
33
37
148
111
167
87
125
74
152
19
189
94
124
130
12
176
66
137
23
186
114
64
83
89
183
153
0
46
68
93
140
36
163
67
108
69
18
20
22
146
103
195
159
193
41
96
5
42
28
184
160
48
30
54
147
104
177
10
190
4
112
156
29
126
35
11
166
77
105
116
