192
160
103
146
22
20
18
69
108
67
163
36
140
93
117
170
0
153
183
89
76
23
186
114
64
15
61
144
155
14
138
8
165
39
95
7
164
58
71
27
107
90
119
40
174
187
81
196
169
91
179
145
168
157
188
56
13
31
78
25
44
120
82
92
57
55
52
106
178
3
32
49
102
62
9
33
37
148
167
111
124
12
130
94
152
74
125
87
150
101
1
97
26
100
19
189
99
121
182
136
53
158
180
173
6
194
127
29
156
126
112
4
190
10
177
104
147
54
30
48
184
28
166
11
131
149
77
105
116
65
59
72
51
109
118
60
115
198
46
68
139
191
110
142
159
193
41
96
5
42
