22
146
103
195
159
193
41
96
5
42
43
77
105
47
65
116
59
72
118
60
109
51
66
141
76
23
137
12
130
63
182
136
180
173
194
161
24
149
131
11
166
28
184
160
48
30
54
147
104
177
10
190
4
112
126
156
29
127
70
6
154
158
53
121
100
26
97
101
150
1
87
125
74
152
19
189
99
94
124
148
37
33
111
167
128
52
55
91
179
92
82
120
44
25
78
145
168
31
13
56
188
157
17
196
169
81
187
174
90
107
27
39
165
8
119
40
185
106
178
3
32
138
14
144
155
49
102
62
9
61
15
64
114
83
89
183
143
170
0
117
93
140
68
46
198
139
191
110
163
67
108
69
18
20
