39
165
8
138
32
49
102
155
144
61
62
9
33
37
148
111
167
128
3
178
106
185
119
40
169
174
187
81
196
91
179
145
78
168
157
31
13
85
188
56
113
171
88
16
25
44
120
82
2
87
125
74
152
97
1
150
101
26
100
99
189
19
94
124
12
130
63
136
182
121
53
158
180
173
6
194
161
24
29
156
126
112
4
84
11
166
28
184
160
48
147
54
30
34
103
146
195
159
199
18
69
108
67
163
110
191
139
198
115
193
41
96
5
116
105
77
47
65
59
118
72
109
51
66
141
60
46
68
140
93
117
170
0
153
183
89
76
23
186
114
64
73
132
21
7
164
58
71
27
107
90
