90
187
81
174
40
119
165
8
185
106
178
3
32
138
14
144
155
49
102
61
62
9
33
37
148
111
167
172
129
82
92
57
55
52
179
91
169
196
17
157
168
145
78
31
13
56
113
171
88
16
25
44
120
150
101
1
87
125
74
152
97
26
100
53
158
154
6
70
127
29
156
126
112
4
84
11
166
28
184
104
147
54
30
48
160
192
181
103
146
195
159
199
18
69
108
67
163
142
193
41
191
110
139
198
46
115
96
5
116
65
47
105
77
131
149
24
161
194
173
180
136
182
121
99
189
19
94
124
130
12
176
66
141
51
109
72
59
118
60
0
153
183
89
76
23
186
114
64
73
132
21
7
164
58
71
27
107
