77
166
28
184
160
48
30
54
147
104
177
10
190
4
112
126
156
29
35
11
24
149
131
47
105
116
65
59
118
60
141
66
51
109
72
162
161
194
6
173
180
158
53
136
182
121
99
189
19
100
26
101
150
1
97
152
74
125
87
2
120
44
82
92
57
55
52
91
179
145
78
168
31
13
16
88
171
113
56
188
157
17
196
169
81
187
174
40
119
165
90
107
27
71
58
164
7
95
39
8
138
178
3
32
14
155
144
49
102
61
62
9
33
37
148
167
111
124
94
130
12
137
23
76
89
183
153
0
170
117
93
140
36
163
67
108
69
18
20
22
146
103
195
159
193
41
191
110
139
198
46
115
96
5
42
43
