194
6
173
180
158
53
136
182
121
99
189
94
130
12
124
19
100
26
101
150
1
97
152
74
125
87
2
120
44
82
78
168
145
179
91
55
52
178
3
106
8
185
169
196
17
157
31
13
16
88
171
113
56
188
98
81
187
174
40
119
165
39
90
107
27
71
58
164
7
21
138
32
49
102
155
144
61
62
9
128
167
111
148
37
33
15
64
114
186
23
137
141
66
176
80
133
161
162
72
51
109
60
118
59
116
105
65
47
77
149
131
166
28
42
5
96
41
193
191
110
139
198
46
68
0
170
117
93
140
36
163
67
108
69
18
199
159
195
146
103
181
192
160
48
30
54
147
104
184
11
84
4
112
126
156
29
24
123
