145
179
91
55
52
106
178
3
32
138
8
185
40
119
165
39
90
107
27
71
58
164
7
21
132
144
155
61
9
62
102
49
128
167
111
148
37
33
15
64
114
186
23
137
12
130
124
94
63
133
161
162
45
151
51
66
141
60
118
72
59
116
65
47
77
105
5
96
41
193
159
142
110
191
139
198
46
68
93
140
36
163
67
108
69
18
20
22
146
103
181
192
160
48
30
54
147
104
184
28
166
11
84
4
112
126
156
29
24
123
194
6
173
180
158
53
136
182
121
99
189
19
100
26
101
150
1
97
152
74
125
87
2
82
120
44
25
78
31
13
56
188
98
81
187
174
169
196
17
157
168
