48
160
28
184
11
166
77
47
65
116
105
43
192
181
103
146
195
159
199
18
69
108
67
163
36
140
93
117
170
0
153
183
89
76
23
186
114
64
15
61
62
9
33
37
148
111
167
128
49
178
3
32
138
8
185
40
119
165
39
95
7
164
58
71
27
107
90
187
81
174
169
196
17
157
188
56
13
31
168
78
145
91
179
92
82
44
120
2
87
125
74
152
97
1
150
101
26
100
121
99
189
19
94
124
130
12
176
66
51
109
141
60
46
198
139
110
191
193
41
96
115
118
59
72
151
133
173
180
136
53
158
154
6
194
161
24
29
156
126
112
4
190
10
177
104
147
54
30
