163
67
108
69
18
20
22
146
103
195
159
193
41
191
139
110
68
46
198
115
96
5
116
65
47
105
77
166
28
184
160
48
30
54
147
104
177
10
190
4
84
11
131
149
24
161
194
6
173
180
158
53
100
26
97
101
150
1
152
74
125
87
167
128
52
55
91
179
145
78
168
31
13
56
188
157
17
196
169
174
81
187
90
107
27
71
58
164
7
21
138
8
165
119
40
185
106
178
3
32
49
102
155
144
61
62
9
33
37
148
111
124
12
130
94
19
189
99
121
182
136
63
80
176
66
51
109
72
59
118
60
141
137
23
186
114
64
83
89
183
153
0
170
117
93
140
36
