141
66
176
137
23
186
114
64
15
148
37
33
9
62
61
144
155
102
49
32
138
21
7
164
58
71
27
107
90
187
81
174
40
119
165
8
185
169
196
17
157
188
56
13
31
168
145
78
25
44
120
82
92
179
91
55
52
106
178
3
128
167
111
124
12
130
94
152
74
125
87
150
101
1
97
26
100
19
189
99
121
182
136
53
158
180
173
6
194
127
29
156
126
112
4
190
10
177
104
147
54
30
48
160
192
28
184
11
166
77
105
5
96
41
193
159
199
18
69
108
67
163
36
140
93
68
110
191
139
198
46
115
116
65
47
131
149
24
161
162
72
51
109
59
118
60
