112
126
156
29
24
123
194
6
173
180
158
53
121
100
26
97
1
101
150
87
125
74
152
19
189
99
182
136
63
94
130
12
124
111
167
148
37
33
102
49
32
3
178
106
185
8
165
119
40
169
196
91
179
52
55
57
92
82
120
44
25
16
88
171
13
56
188
85
31
168
157
17
81
187
174
90
107
27
71
58
164
7
95
39
138
14
155
144
61
62
9
15
64
114
186
23
76
89
183
143
170
0
117
93
140
36
163
67
108
69
18
199
159
193
41
191
110
139
198
46
115
59
118
60
141
66
51
151
45
161
162
72
65
116
105
77
43
96
5
42
192
160
48
30
54
147
104
184
28
166
11
84
4
