4
112
126
156
29
24
131
149
161
194
6
173
180
158
53
136
182
121
100
26
97
1
101
150
120
44
82
78
145
168
31
13
56
188
157
17
196
169
174
81
187
90
107
27
71
58
164
7
95
39
165
8
119
40
185
91
179
55
52
106
178
3
32
138
49
102
155
144
61
64
114
83
23
186
15
62
9
33
37
148
111
167
87
125
74
152
19
189
99
63
133
151
72
109
51
66
141
60
118
59
65
116
105
77
43
42
5
96
41
193
191
110
139
198
46
68
0
170
117
93
140
36
163
67
108
69
18
199
159
195
146
103
181
192
160
48
30
54
147
104
177
10
190
184
28
166
11
84
