32
3
178
106
185
8
165
39
27
107
90
119
40
169
174
187
81
196
17
157
188
56
113
171
88
16
13
31
168
145
78
25
44
120
82
2
87
125
74
152
97
1
150
101
26
100
19
189
99
121
53
158
154
6
173
180
136
182
63
133
161
162
72
118
59
149
131
77
166
28
184
11
35
126
29
156
112
4
190
10
177
104
147
54
30
48
160
192
181
103
146
195
159
193
41
96
5
116
105
47
65
115
198
139
191
110
68
140
93
117
170
143
183
89
83
64
114
186
23
76
153
0
46
60
141
109
51
66
176
12
130
94
124
111
167
148
37
33
9
62
61
144
155
102
49
138
