56
13
188
98
81
187
174
169
196
17
157
31
168
78
145
179
91
185
40
119
165
90
107
27
71
58
164
7
95
39
8
138
32
3
178
49
102
155
144
61
62
9
33
37
148
111
167
87
125
74
152
1
97
19
189
99
121
182
136
180
173
133
151
72
109
51
141
66
176
137
23
76
89
183
143
170
0
46
60
118
59
116
5
96
41
193
191
139
110
68
93
140
36
163
67
108
69
18
199
159
195
146
103
181
192
160
28
184
48
30
54
147
104
177
10
190
4
112
126
156
29
35
11
166
77
105
65
47
131
149
24
161
194
6
154
158
53
100
26
101
150
2
82
120
44
25
16
88
171
113
