108
67
36
140
93
68
46
0
170
143
183
89
76
23
186
114
64
15
61
62
9
33
37
148
111
167
128
49
102
144
155
14
32
3
178
138
21
7
164
58
71
27
107
90
39
165
8
185
40
119
174
187
81
196
169
91
179
145
168
157
188
56
113
171
88
16
13
31
78
25
44
120
82
2
87
125
74
152
124
12
130
94
189
19
97
1
150
101
26
100
99
121
182
136
53
158
180
173
6
194
161
162
133
80
176
66
51
109
141
60
118
59
72
149
131
166
11
84
4
190
10
177
104
147
54
30
48
160
103
146
195
159
193
41
181
192
184
28
77
105
47
65
116
5
96
115
198
139
191
110
163
69
