40
119
165
39
95
7
164
58
71
27
107
90
187
81
174
169
196
17
157
188
50
113
171
88
16
56
13
31
168
78
145
179
91
55
52
106
178
3
128
167
111
124
94
63
136
182
121
99
189
19
152
74
125
87
2
82
44
120
150
101
1
97
26
100
53
158
180
173
6
194
161
24
29
156
126
112
4
190
10
177
104
147
54
30
48
160
103
146
181
192
28
184
11
166
77
105
47
65
116
59
118
72
51
109
60
46
198
139
191
110
69
108
67
163
36
140
93
117
170
0
153
183
89
76
23
137
141
66
176
130
12
148
37
33
9
62
61
144
155
102
49
32
138
8
185
