65
116
59
72
162
161
45
151
51
66
141
60
118
115
198
46
68
139
191
110
163
69
108
67
36
140
93
117
170
0
153
183
89
76
23
186
114
64
15
9
62
61
144
155
21
7
164
58
95
39
165
119
40
174
187
81
169
196
17
157
188
85
31
13
56
113
171
88
16
25
44
120
82
78
168
145
179
91
55
52
178
3
106
185
8
138
32
49
128
167
111
124
12
130
94
63
136
182
121
99
189
19
152
74
125
87
150
101
1
97
26
100
53
158
180
173
6
194
127
29
156
126
112
4
190
10
177
104
147
54
30
48
160
192
181
159
193
41
96
5
42
28
184
11
166
77
105
47
