66
51
109
72
118
59
149
131
47
65
116
105
77
166
28
192
160
48
30
54
147
104
184
11
84
4
112
126
156
29
24
161
194
6
173
180
158
53
136
182
63
130
12
124
94
19
189
99
121
100
26
101
150
1
97
152
74
125
87
167
111
148
37
33
9
62
102
49
32
138
39
165
8
185
119
40
169
196
91
179
145
168
78
82
120
44
25
16
88
171
113
56
13
31
85
188
157
17
81
187
174
90
107
27
71
58
164
7
21
155
144
61
15
64
114
186
23
76
89
183
153
0
170
117
93
140
36
163
67
108
69
18
20
22
146
103
195
159
193
41
191
110
139
198
46
60
141
