138
32
49
128
167
52
55
179
91
169
187
81
196
17
157
188
56
113
171
88
16
13
31
168
145
78
82
44
120
2
87
125
74
152
97
1
150
101
26
100
99
121
182
136
53
158
180
173
6
194
127
29
156
126
112
4
24
161
162
45
151
51
109
72
59
118
60
46
198
139
110
191
193
41
96
5
42
192
160
28
166
77
105
116
65
47
149
131
11
184
190
10
177
104
147
54
30
48
34
103
146
195
159
163
69
108
67
36
140
93
117
170
0
153
183
89
83
64
114
186
23
137
141
66
176
80
94
189
19
124
130
12
111
148
37
33
9
62
61
155
144
132
21
7
164
58
71
27
107
90
174
40
119
165
8
