67
163
36
140
93
117
170
0
68
46
60
141
109
51
66
176
137
23
186
114
64
15
9
62
61
144
155
102
49
178
3
32
138
21
7
164
58
95
39
165
8
185
40
119
27
107
90
174
187
81
196
169
91
179
145
78
168
157
188
85
31
13
56
113
171
88
16
25
44
120
82
2
87
167
111
124
12
130
94
74
152
97
1
150
101
26
100
19
189
99
121
182
136
63
133
151
72
118
59
162
161
173
180
53
158
154
6
194
127
29
156
126
112
4
190
10
177
104
147
54
30
48
184
28
11
166
77
47
65
116
105
5
96
115
198
139
110
191
193
41
181
192
160
103
146
195
159
199
18
69
108
