52
91
179
145
78
168
196
169
40
119
185
8
165
39
95
7
164
58
71
27
107
90
174
187
81
17
157
188
85
31
13
56
113
171
88
16
25
44
120
82
2
150
101
1
97
26
100
99
121
182
136
53
158
154
6
173
180
63
80
176
66
141
51
109
72
162
161
24
29
156
126
112
4
84
11
166
28
184
104
147
54
30
48
160
192
42
5
96
116
105
77
47
65
59
118
60
46
198
139
110
191
41
193
159
195
103
146
22
20
18
69
108
67
163
36
140
93
117
170
0
153
183
89
76
23
186
114
64
15
9
62
61
144
155
14
138
32
3
178
49
128
167
111
124
12
130
94
189
19
152
74
125
87
172
55
