169
81
187
174
90
107
27
71
58
164
7
21
132
144
155
14
138
8
165
119
40
185
106
178
3
32
49
128
167
111
124
19
189
94
130
12
148
37
33
9
62
61
15
64
114
186
23
76
89
183
153
0
170
117
93
140
68
46
198
139
110
191
41
193
159
163
67
108
69
18
20
22
146
103
181
192
28
166
11
184
160
48
30
54
147
104
177
10
190
4
112
126
156
29
24
149
131
77
105
116
65
59
72
118
60
109
51
141
66
176
80
133
173
6
154
180
158
53
136
182
121
99
100
26
97
101
150
1
152
74
125
87
2
120
44
82
92
179
91
145
78
168
31
13
56
188
157
17
196
