100
26
101
150
120
44
82
78
145
168
31
13
16
88
171
113
56
188
157
17
196
91
179
55
52
106
178
3
32
138
39
165
8
185
119
40
169
81
187
174
90
107
27
71
58
164
7
21
132
144
155
61
62
9
33
37
148
111
167
87
125
74
152
1
97
19
189
94
63
133
161
162
72
59
118
60
109
51
141
66
176
137
23
186
114
64
83
89
183
143
170
0
46
198
139
191
110
68
93
140
36
163
67
108
69
18
199
159
193
41
195
146
103
181
192
160
48
30
54
147
104
184
11
166
28
43
105
116
65
47
77
131
149
24
4
112
126
156
29
127
194
6
173
180
158
53
136
182
121
99
