112
4
84
11
35
24
149
131
166
28
184
190
10
177
104
147
54
30
48
160
192
181
41
193
159
199
18
69
108
67
163
36
140
93
117
170
0
153
183
89
83
64
114
186
23
137
176
66
141
51
109
60
46
198
115
96
5
42
43
77
105
47
65
116
59
118
72
162
161
194
173
180
136
182
121
99
189
19
97
1
152
74
125
87
167
111
148
37
33
9
62
61
144
155
14
138
32
3
178
106
52
55
179
91
185
8
165
39
95
7
164
58
71
27
107
90
119
40
174
187
81
169
196
17
157
188
56
13
31
168
145
78
25
44
120
82
2
150
101
26
100
53
158
154
6
70
127
29
156
126
