166
11
84
4
112
126
156
29
127
194
161
24
149
131
77
105
116
65
59
118
72
51
109
60
141
66
176
80
63
182
136
180
173
6
154
158
53
121
100
26
101
150
1
97
152
74
125
87
2
82
120
44
25
16
88
171
113
56
13
31
85
188
157
17
196
169
174
81
187
90
107
27
71
58
164
7
21
132
144
155
14
138
8
165
119
40
185
91
179
55
52
106
178
3
32
49
102
61
62
9
33
37
148
167
111
124
19
189
99
94
130
12
137
23
76
89
183
143
170
0
117
93
140
36
163
67
108
69
110
68
46
198
139
191
41
193
159
195
146
103
181
192
160
48
30
54
147
104
184
28
