61
62
9
33
37
148
15
64
114
186
23
137
176
66
141
51
109
72
65
116
105
77
43
42
5
96
41
193
115
59
118
60
46
68
93
140
36
163
67
108
69
18
199
159
195
146
103
181
192
160
48
30
54
147
104
177
10
190
4
156
29
126
112
84
184
28
166
11
131
149
24
161
194
6
173
180
158
53
100
26
97
101
150
1
87
125
74
152
19
189
99
121
182
136
63
94
130
12
124
111
167
128
178
3
32
138
39
165
8
185
119
40
169
91
179
92
82
120
44
25
78
145
168
31
13
16
88
171
113
56
188
157
17
196
81
187
174
90
107
27
71
58
164
7
21
132
144
155
49
102
