167
111
124
12
130
94
63
133
151
72
109
51
66
141
60
118
59
115
198
46
68
93
140
36
67
108
69
163
110
139
191
41
193
159
195
146
103
34
30
54
147
104
177
10
190
4
112
156
29
126
35
11
166
28
184
48
160
192
42
5
96
43
77
105
116
65
47
131
149
24
161
194
6
173
180
158
53
136
182
121
99
100
26
101
150
1
97
189
19
152
74
125
87
2
120
44
82
92
179
91
145
78
168
31
13
56
188
157
17
196
169
81
187
174
119
40
185
8
165
39
90
107
27
71
58
164
7
21
138
32
49
102
155
144
61
64
114
83
89
183
76
23
186
15
62
9
33
37
148
