133
173
6
154
180
158
53
136
182
121
99
189
19
100
26
97
101
150
1
152
74
125
87
2
82
120
44
25
16
88
171
113
56
13
31
85
188
157
168
78
145
179
55
52
106
178
3
32
138
39
165
8
119
40
185
91
196
169
174
81
187
90
107
27
71
58
164
7
21
132
144
155
61
62
9
37
33
167
111
148
15
64
114
186
23
76
89
183
143
170
0
46
60
118
59
116
65
47
105
5
96
41
191
139
110
68
93
140
36
67
108
69
163
142
193
159
181
192
160
48
30
54
147
104
177
10
190
4
156
29
126
112
84
11
184
28
166
77
131
149
24
161
162
72
109
51
141
66
176
80
