193
41
96
5
42
43
105
116
65
47
77
166
11
184
28
192
160
48
30
54
147
104
177
10
190
4
112
126
156
29
131
149
24
123
194
6
173
180
158
53
136
182
121
99
100
26
97
1
101
150
120
44
82
78
31
13
56
188
157
168
145
179
91
169
196
81
187
174
40
119
90
107
27
71
58
164
7
95
39
165
8
138
14
155
144
64
114
15
61
9
62
102
49
32
3
178
106
52
55
172
87
125
74
152
19
189
124
12
130
94
63
133
161
162
45
151
51
66
141
109
72
59
118
60
46
198
139
191
110
68
0
170
117
93
140
36
163
67
108
69
18
199
159
22
146
103
195
