145
13
126
132
169
65
188
6
150
192
85
2
74
118
98
51
120
67
71
125
90
191
178
10
133
44
17
100
63
102
38
27
16
197
1
24
156
42
30
198
117
193
105
190
80
46
162
175
78
142
45
136
73
164
31
54
151
19
112
121
116
158
25
123
177
7
61
79
91
87
82
58
77
81
153
186
163
165
127
89
103
26
180
176
88
194
166
52
172
57
179
185
86
110
95
130
22
66
94
154
47
148
60
23
20
59
28
101
149
4
199
140
183
174
55
18
62
128
124
106
143
159
119
41
111
68
8
171
157
104
56
144
160
33
138
182
139
11
49
29
39
12
0
35
109
69
189
167
184
155
84
70
161
3
15
