125
90
191
71
67
120
51
98
118
74
2
85
134
43
126
13
145
15
3
70
161
132
169
65
188
6
150
192
147
115
178
10
133
44
17
100
63
102
38
27
16
197
1
24
156
42
30
198
117
151
54
31
193
164
73
136
105
190
80
46
162
175
78
142
45
5
7
61
79
91
141
97
77
58
82
87
104
56
8
68
111
41
14
81
153
186
163
103
89
165
127
137
114
26
180
176
88
194
166
86
185
22
179
52
172
57
66
94
154
47
148
9
199
59
28
101
149
4
140
183
174
95
110
128
124
106
119
159
143
62
18
55
34
170
152
53
184
155
167
189
69
109
35
0
12
29
39
160
33
49
11
139
182
138
157
171
177
123
25
158
116
121
131
