63
102
38
27
16
197
1
24
156
42
30
198
117
151
54
31
193
164
73
136
105
190
80
46
162
175
78
142
45
5
7
177
123
25
158
19
112
121
116
51
98
85
2
139
182
138
11
49
33
160
144
56
104
157
171
8
68
82
87
21
61
79
91
141
97
77
58
50
14
41
111
39
29
12
0
109
35
143
159
119
153
186
163
89
165
127
103
26
180
176
88
194
166
86
110
128
124
62
18
55
174
95
185
22
179
52
172
57
66
94
154
47
148
20
59
28
101
149
4
199
140
53
184
155
167
189
3
70
161
15
145
13
126
132
169
65
188
6
150
192
147
71
67
120
125
90
191
178
10
133
44
17
100
