53
140
4
149
101
28
59
199
9
148
47
154
94
66
57
172
52
179
22
185
95
174
55
18
62
124
128
110
86
166
194
88
176
180
26
114
137
127
165
89
103
163
186
153
119
159
143
41
14
50
77
58
82
87
91
79
61
7
5
45
142
78
175
162
46
80
190
105
136
73
164
193
31
54
151
117
198
30
42
156
24
1
197
16
27
38
102
63
100
17
44
133
10
178
115
147
192
150
6
188
65
169
132
161
70
3
15
145
13
126
43
2
85
120
67
71
191
90
125
51
98
116
121
112
19
158
25
123
177
171
8
68
111
144
160
33
56
104
157
138
182
139
11
49
29
39
12
0
35
109
69
189
167
155
184
