59
20
23
60
148
47
154
94
66
57
172
52
179
22
185
86
166
194
88
176
180
26
103
89
127
165
163
186
153
119
159
143
41
111
68
8
87
82
58
77
97
141
91
79
61
7
177
171
157
104
56
144
39
12
0
35
109
29
160
33
49
11
138
182
25
123
5
45
142
78
175
162
46
80
190
105
136
73
19
112
121
131
151
54
31
164
193
117
198
30
42
156
24
1
197
16
27
38
102
32
96
63
100
17
44
133
10
178
90
125
191
71
67
120
51
98
118
74
2
85
192
150
6
188
65
169
132
126
13
145
15
161
70
3
84
155
184
167
189
69
34
55
18
62
124
128
110
95
9
199
140
4
149
101
28
