30
198
117
151
54
31
193
164
73
136
105
190
80
46
162
175
78
142
45
5
123
177
7
61
79
91
87
82
58
77
81
153
186
163
89
165
127
137
114
103
26
180
176
88
194
166
86
110
95
185
22
179
52
172
57
66
94
154
47
148
60
23
20
59
28
101
149
4
140
199
9
183
174
55
18
62
128
124
106
143
159
119
41
111
68
8
56
104
157
171
25
158
19
112
121
131
125
51
98
85
2
139
11
182
138
33
160
49
29
39
12
0
35
109
69
189
167
184
155
84
3
70
161
15
145
195
126
13
132
169
65
188
6
150
192
147
71
67
120
191
90
178
10
133
44
17
100
63
102
38
27
16
197
1
24
156
42
