17
100
63
102
32
135
131
121
112
19
151
117
198
30
156
24
1
197
16
38
27
42
196
193
31
54
164
73
136
105
190
80
46
162
175
78
142
45
5
7
61
79
91
141
97
77
58
50
14
41
111
68
82
87
8
56
104
157
171
177
123
25
158
116
125
90
191
71
67
120
51
98
85
2
139
182
138
11
49
33
160
39
29
12
0
109
35
143
159
119
153
186
163
165
127
89
103
26
114
137
75
76
48
166
194
88
180
176
86
110
128
124
62
18
55
174
183
140
199
9
95
185
22
179
52
172
57
66
94
154
47
148
60
23
20
59
28
101
149
4
53
184
155
167
189
145
15
3
70
161
13
126
132
169
65
188
6
150
192
147
115
178
10
133
44
