17
100
63
102
32
135
131
121
112
19
151
117
198
24
1
197
16
38
27
42
156
30
193
54
31
164
73
136
105
190
80
46
162
45
142
175
78
5
7
61
79
91
87
82
58
77
97
153
186
163
165
127
89
103
26
180
176
88
194
166
86
95
185
22
179
52
172
57
66
94
154
47
148
20
59
28
101
149
4
199
140
183
174
55
18
62
110
128
124
106
143
159
119
81
14
41
111
68
8
104
56
144
33
49
160
39
29
12
0
35
109
69
189
167
184
155
84
3
70
161
15
145
13
126
132
169
65
188
6
150
192
85
2
139
11
182
138
157
171
177
123
25
158
116
98
51
120
67
71
191
125
90
178
10
133
44
