46
162
175
78
142
45
5
123
25
171
177
7
61
79
91
87
58
77
81
153
186
163
165
127
89
103
26
180
176
88
194
166
86
110
95
185
22
179
52
172
57
66
94
154
47
148
60
23
20
59
28
101
149
4
199
140
183
174
55
18
62
128
124
106
143
159
119
41
111
68
82
8
104
56
144
160
33
49
29
39
12
0
35
109
69
189
167
184
155
84
3
70
161
15
145
195
126
13
132
169
65
188
6
150
192
85
2
139
11
138
182
74
118
98
51
120
67
71
191
125
90
178
10
133
44
17
100
63
102
32
135
131
121
112
19
151
198
156
24
1
197
16
38
27
42
30
117
193
31
54
164
73
136
105
190
80
