8
87
82
68
111
41
119
159
143
35
109
0
12
29
39
160
33
49
138
182
11
139
2
85
192
150
6
188
65
169
132
126
13
161
70
3
15
145
189
167
155
184
53
152
170
34
55
18
62
124
128
110
86
95
9
199
140
4
149
101
28
59
20
23
60
148
47
154
94
66
57
172
52
179
22
185
166
194
88
176
180
26
103
89
127
165
163
186
153
81
14
50
58
77
97
141
91
79
61
7
5
45
142
78
175
162
46
80
190
105
136
73
164
193
31
54
151
117
198
30
42
156
24
1
197
16
27
38
102
32
96
63
100
17
44
133
10
178
90
125
191
71
67
120
51
98
116
121
112
19
158
25
123
177
171
157
104
56
