104
157
171
25
158
116
121
131
125
90
191
178
10
133
44
17
100
63
102
38
27
16
197
1
24
156
42
30
198
117
151
54
31
193
164
73
136
105
190
80
46
162
45
142
175
78
5
123
177
7
61
79
91
87
82
58
77
81
153
186
163
165
127
89
103
26
180
176
88
194
166
52
179
172
57
66
94
154
47
60
23
148
9
199
59
28
101
149
4
140
183
174
55
18
62
181
95
130
22
185
86
110
128
124
106
143
159
119
41
111
37
35
109
0
12
39
29
69
189
167
184
155
84
70
161
3
15
145
13
126
132
169
65
188
6
150
192
147
71
67
120
51
98
85
2
139
182
138
11
49
33
160
144
56
68
8
