90
125
131
121
112
19
158
25
171
87
82
58
50
14
41
111
68
8
104
56
144
160
33
49
29
39
12
0
35
109
69
189
167
155
184
53
152
170
34
124
128
62
18
55
174
183
140
4
149
101
28
199
59
20
23
60
148
47
154
94
66
57
172
52
179
22
185
95
110
86
166
194
88
176
180
26
103
89
127
165
163
186
153
81
77
97
141
91
79
61
7
177
123
5
78
175
142
45
162
46
80
190
105
136
73
164
193
31
54
151
117
198
30
42
156
24
1
197
16
27
38
102
63
100
17
44
133
10
178
115
147
192
150
6
188
65
169
132
161
70
3
15
145
13
126
195
168
11
138
182
139
2
85
98
51
120
67
71
191
