73
136
162
46
80
190
105
193
117
198
30
42
156
24
1
197
16
27
38
102
63
100
17
44
133
10
178
115
147
192
150
6
188
65
169
132
126
13
145
15
161
70
3
189
167
155
184
53
4
149
101
28
59
20
23
60
148
47
154
94
66
57
172
179
52
166
194
88
176
180
26
103
114
137
127
165
89
163
186
153
81
77
58
82
87
91
79
61
7
78
175
142
45
5
177
123
25
171
157
104
56
8
68
111
41
119
159
143
106
124
128
110
86
95
185
22
9
199
140
183
174
55
18
62
34
69
109
35
0
12
29
39
160
33
49
138
182
11
139
2
85
98
51
120
67
71
191
90
125
131
121
112
19
151
54
31
164
