161
70
84
155
184
167
189
69
34
55
18
62
124
128
110
86
95
185
22
9
183
174
140
199
4
149
101
28
59
20
148
47
154
94
66
57
172
179
52
166
194
88
176
180
26
103
127
165
89
163
186
153
81
77
97
141
91
79
61
21
87
58
82
8
68
41
111
144
56
104
33
160
39
12
0
35
109
29
49
11
139
182
138
157
171
177
123
25
158
116
121
112
19
151
54
31
164
73
136
45
142
78
175
162
46
80
190
105
193
117
198
30
42
156
24
1
197
16
27
38
102
63
100
17
44
133
10
178
90
125
191
71
67
120
51
98
85
2
134
192
150
6
188
65
169
132
126
13
145
15
3
