95
174
183
140
199
59
28
101
149
4
53
184
155
167
189
69
109
35
0
12
39
29
49
11
139
2
43
126
13
145
15
3
70
161
132
169
65
188
6
150
192
147
115
178
10
133
44
17
100
122
90
191
71
67
120
98
51
125
131
135
32
96
63
102
38
27
16
197
1
24
156
42
30
198
117
193
164
73
31
54
151
19
112
121
116
158
25
182
138
33
160
144
56
104
157
171
177
123
5
45
162
46
175
78
142
7
21
87
8
68
82
61
79
91
141
97
77
58
50
111
41
143
159
119
153
186
163
165
127
89
103
26
113
194
88
180
176
64
124
62
18
55
83
128
110
86
185
179
52
172
57
66
94
154
47
148
22
130
