71
67
120
125
90
191
178
10
133
44
17
100
63
102
38
27
16
197
1
24
156
42
30
198
117
193
105
190
80
46
162
175
78
142
7
61
79
91
87
171
177
123
5
45
136
73
164
31
54
151
19
112
121
116
51
98
85
2
43
126
13
145
189
167
69
29
49
11
139
182
138
33
160
39
12
0
109
35
37
41
111
68
144
56
104
8
82
58
77
81
153
186
163
103
89
165
127
137
114
26
113
194
88
176
180
129
119
159
143
106
124
128
110
62
18
55
181
95
185
22
179
52
172
57
66
94
154
47
148
20
59
28
101
149
4
199
140
183
174
53
184
155
84
3
15
70
161
132
169
65
188
6
150
192
147
