91
79
61
7
78
175
142
46
162
45
5
123
177
171
25
158
112
19
151
54
31
164
73
136
105
193
117
198
30
42
156
24
1
197
16
27
38
102
63
100
17
44
133
10
178
191
90
125
131
121
116
98
51
120
67
71
147
192
150
6
188
65
169
132
13
126
43
2
139
11
182
138
157
104
56
144
160
33
49
29
39
12
0
35
109
69
145
15
3
161
70
84
155
184
189
167
34
55
174
183
140
4
149
101
28
59
199
9
148
23
60
47
154
94
66
57
172
52
179
22
185
95
86
110
128
62
124
64
176
180
88
194
166
48
76
114
26
103
89
127
165
163
186
153
81
77
58
50
14
41
111
68
8
82
87
