119
159
143
106
124
128
62
18
55
174
183
140
4
149
101
28
59
199
9
95
185
22
179
66
94
154
57
172
52
166
86
110
64
176
180
88
194
113
26
103
89
127
165
163
186
153
81
77
58
87
82
68
8
104
56
144
160
33
49
11
138
182
25
171
123
177
7
5
45
142
78
175
162
46
80
190
105
136
73
164
31
54
193
117
30
42
27
38
16
197
1
24
156
198
151
19
112
121
116
98
51
120
67
71
191
90
125
131
135
32
102
63
100
17
44
133
10
178
115
147
192
150
6
188
65
169
132
13
126
195
145
15
161
70
3
189
167
69
109
35
0
12
29
39
111
41
