144
111
41
143
159
119
153
186
163
165
127
89
103
26
114
137
75
76
48
166
52
172
57
179
22
185
95
86
194
88
180
176
64
110
128
124
62
18
55
174
183
140
199
59
28
101
149
4
53
184
155
167
189
69
109
35
0
12
29
39
160
33
49
11
138
182
139
43
126
13
145
15
3
70
161
132
169
65
188
6
150
192
85
2
74
118
98
51
120
67
71
125
90
191
178
10
133
44
17
100
63
102
32
135
131
121
112
19
151
198
156
24
1
197
16
38
27
42
30
117
193
54
31
164
73
136
105
190
80
46
162
45
142
175
78
5
7
177
123
25
171
61
79
91
141
97
77
58
87
82
68
8
104
56
