90
178
10
133
44
17
100
63
96
32
102
38
27
16
197
1
24
156
42
30
198
117
151
54
31
193
164
73
136
105
190
80
46
162
45
142
175
78
5
7
177
123
171
25
158
19
112
121
116
118
74
182
138
33
160
49
11
139
43
126
13
145
69
29
39
12
0
109
35
143
159
119
81
14
41
111
68
8
56
104
87
82
58
77
97
153
186
163
165
127
89
103
26
180
176
88
194
166
86
110
95
185
22
179
52
172
57
66
94
154
47
148
20
59
28
101
149
4
199
140
183
174
55
18
62
128
124
34
170
152
53
184
155
167
189
15
3
70
161
132
169
65
188
6
150
192
85
2
98
51
120
67
71
191
125
