144
160
33
49
11
138
182
25
158
116
121
112
19
151
54
73
164
31
193
117
198
30
42
156
24
1
197
16
27
38
102
63
100
17
44
133
10
178
191
90
125
51
98
118
74
2
85
192
150
6
188
65
169
132
126
13
145
15
3
161
70
84
155
184
167
189
69
109
35
0
29
39
12
37
41
111
68
50
14
81
119
159
143
106
124
62
18
55
83
128
110
86
166
52
179
22
185
95
174
183
140
4
149
101
28
59
199
9
148
47
154
94
66
57
172
48
194
88
176
180
26
103
89
127
165
163
186
153
97
77
58
82
91
79
61
7
142
78
175
46
162
45
5
123
177
171
87
8
104
56
