135
131
125
90
191
51
98
116
121
112
19
151
198
24
1
197
38
27
16
42
156
30
117
193
31
54
164
73
136
105
190
80
46
162
175
78
142
45
5
7
177
123
171
25
182
138
11
49
33
104
56
68
8
87
82
58
77
50
14
41
111
144
160
39
29
12
0
35
109
69
34
55
18
62
110
128
124
106
143
159
119
153
186
163
89
165
127
103
26
180
176
88
194
166
52
172
57
179
22
185
95
174
183
140
9
66
94
154
47
148
20
59
199
28
101
149
4
53
184
155
167
189
3
70
161
15
145
13
126
132
169
65
188
6
150
192
147
67
71
178
10
133
44
17
100
63
102
32
