148
20
59
199
28
101
149
4
140
183
174
55
18
62
181
95
130
22
185
86
110
128
124
106
119
159
143
35
109
0
29
39
12
37
41
111
144
160
33
49
11
139
168
195
145
189
167
170
152
53
184
155
84
70
161
3
15
13
132
169
65
188
126
43
2
85
98
120
67
71
178
10
17
100
63
102
32
122
44
133
191
90
125
51
116
121
131
38
27
16
197
1
24
156
42
30
198
117
151
54
73
164
31
193
105
136
162
46
175
78
142
45
5
7
177
123
171
25
182
138
157
104
56
8
68
82
87
58
77
81
153
186
163
89
165
127
103
26
180
176
88
194
166
52
179
172
57
66
94
154
47
