151
19
112
121
131
1
197
16
27
38
102
63
100
17
44
133
10
178
191
90
125
51
98
120
67
71
147
192
150
6
188
65
169
132
15
3
161
70
84
155
184
53
174
183
9
199
140
4
149
101
28
59
20
148
47
154
94
66
22
179
57
172
52
166
194
113
26
103
89
127
165
163
180
176
88
86
110
128
124
62
18
55
34
69
167
189
145
13
126
43
2
139
11
49
33
138
182
25
171
157
104
56
144
160
39
29
12
0
109
35
37
41
111
68
8
87
82
58
77
97
141
91
79
61
7
177
123
5
45
142
78
175
162
46
80
190
105
136
73
164
54
31
193
117
30
42
156
24
198
