189
3
70
161
15
145
195
126
13
132
169
65
188
6
150
192
147
71
67
120
98
51
125
90
191
178
10
133
44
17
100
63
102
38
27
16
197
1
24
156
42
30
198
117
193
31
164
105
190
80
46
162
175
78
142
45
136
73
54
151
19
112
121
116
158
25
171
123
177
7
61
79
91
87
58
82
68
8
104
56
144
160
33
138
182
139
11
49
29
39
12
0
35
109
69
34
18
62
124
128
83
55
174
183
140
199
9
22
185
95
110
86
88
176
180
26
103
163
89
165
127
137
114
194
166
52
179
172
57
66
94
154
47
148
60
23
20
59
28
101
149
4
53
184
155
167
