8
104
56
144
33
160
39
12
35
109
0
29
49
11
138
182
25
171
123
177
7
5
78
175
142
45
162
46
80
190
105
136
73
164
54
31
193
30
156
42
16
27
38
197
1
24
198
117
151
19
112
121
131
135
32
102
63
100
17
44
133
10
178
191
90
125
51
98
120
67
71
147
192
150
6
188
65
169
132
126
13
161
70
3
15
145
189
167
155
184
53
4
149
101
28
59
20
23
60
148
47
154
94
66
57
172
52
179
22
9
199
140
183
174
55
18
62
181
95
86
110
128
124
106
143
159
119
129
180
176
88
194
113
26
103
114
137
127
165
89
163
186
153
81
14
41
111
50
77
58
87
82
68
