111
41
119
159
143
106
124
62
128
110
86
185
22
130
95
181
83
18
55
174
183
140
199
4
149
101
28
59
20
148
47
154
94
66
57
172
179
52
166
194
88
176
180
26
114
137
127
165
89
103
163
186
153
81
77
58
91
79
61
21
87
82
8
56
104
157
171
177
7
5
45
142
78
175
162
46
80
190
105
136
173
123
25
158
116
121
112
19
151
54
73
164
31
193
117
198
30
42
156
24
1
197
16
27
38
102
63
100
17
44
133
10
178
191
90
125
51
98
120
67
71
147
192
150
6
85
2
182
138
11
139
43
126
169
188
65
132
13
145
15
161
70
3
189
167
69
109
35
0
12
39
29
49
33
160
144
68
