185
95
86
110
128
62
124
106
143
159
119
129
180
176
88
194
113
26
103
89
127
165
163
186
153
81
77
58
82
87
8
68
41
111
144
56
104
157
138
182
25
171
123
177
7
5
45
142
78
175
162
46
80
190
105
136
73
164
54
31
193
117
198
30
42
156
24
151
19
112
121
131
1
197
16
27
38
102
63
100
17
44
133
10
178
191
90
125
71
67
120
51
98
118
74
2
85
192
150
6
188
65
169
132
161
70
3
15
145
13
126
195
168
139
11
49
33
160
39
29
12
0
35
109
69
189
167
155
184
53
152
170
34
55
174
183
140
199
4
149
101
28
59
20
148
47
154
94
66
57
172
52
179
22
