13
145
15
161
70
3
84
155
184
167
189
69
29
39
12
0
109
35
143
159
119
106
124
128
62
18
55
174
183
140
4
149
101
28
199
59
20
23
60
148
47
154
94
66
22
130
95
110
86
185
179
57
172
52
166
194
88
176
180
26
103
89
127
165
163
186
153
81
77
58
91
79
61
7
78
175
162
46
80
190
196
42
16
27
38
102
63
100
17
44
133
10
178
191
90
125
51
98
116
121
131
1
197
24
156
30
198
117
151
54
31
73
164
193
105
136
45
142
5
123
177
171
87
82
8
68
50
14
41
111
144
56
104
157
138
182
139
11
33
160
49
195
126
169
188
65
132
