149
101
28
59
199
9
22
179
57
172
52
166
194
88
176
180
26
103
114
137
127
165
89
163
186
153
119
159
143
106
124
128
110
86
95
174
55
18
62
34
69
109
35
0
29
39
12
37
41
111
50
77
58
82
87
91
79
61
21
8
68
144
56
104
171
157
138
182
25
123
177
7
5
45
142
78
175
162
46
80
190
105
136
73
164
193
31
54
151
117
198
30
42
156
24
1
197
16
27
38
102
63
100
17
44
133
10
178
122
131
121
116
98
51
125
90
191
120
67
71
147
192
150
6
188
65
169
43
2
139
11
33
160
49
195
126
13
145
15
161
70
3
189
167
155
184
53
140
4
