51
98
116
121
112
19
151
54
164
73
136
45
5
123
25
157
138
182
11
139
2
43
126
13
132
169
188
65
161
70
3
15
145
195
49
33
160
39
29
12
0
35
109
69
189
167
155
184
53
174
55
18
62
128
110
86
95
185
22
9
199
140
4
149
101
28
59
20
23
60
148
47
154
94
66
57
172
179
52
166
48
76
75
137
114
127
165
89
163
103
26
113
194
88
180
176
64
124
106
143
159
119
186
153
81
77
58
87
82
68
8
56
104
171
177
7
142
78
175
162
46
80
190
105
193
31
117
198
30
42
156
24
1
197
16
27
38
102
63
100
17
44
133
10
178
71
67
120
191
90
125
