182
138
11
49
33
160
39
12
0
35
109
29
195
126
13
132
169
188
65
161
70
3
15
145
189
167
69
34
62
18
55
174
183
140
199
4
149
101
28
59
20
23
60
148
47
154
94
66
22
179
57
172
52
166
194
88
113
26
103
89
127
165
163
180
176
86
110
128
124
106
143
159
119
41
111
68
144
56
104
8
87
82
58
77
97
141
91
79
61
7
177
171
25
123
5
78
175
142
45
162
46
80
190
105
136
73
164
193
31
54
151
19
112
121
131
117
198
30
42
156
24
1
197
16
27
38
102
63
100
17
44
133
10
178
115
147
192
150
67
71
191
90
125
51
98
85
2
139
