124
35
109
0
12
39
29
49
160
33
138
11
139
43
126
13
145
15
3
70
161
132
169
65
188
6
150
192
147
71
67
120
191
178
10
133
44
17
100
122
90
125
51
98
85
2
182
25
123
5
45
136
73
164
31
54
151
19
112
121
131
135
32
102
38
27
16
197
1
24
156
42
30
198
117
193
105
190
80
46
162
142
175
78
7
177
61
79
91
141
97
77
58
82
87
171
157
104
56
8
68
111
41
143
159
119
153
186
163
89
165
127
103
26
180
176
88
194
166
86
185
22
179
52
172
57
66
94
154
47
148
60
23
20
59
28
101
149
4
53
152
170
34
62
18
55
174
183
140
199
9
95
110
128
