98
51
120
67
71
191
90
125
131
121
112
19
151
54
73
136
105
164
31
193
117
198
30
42
156
24
1
197
16
27
38
102
63
100
17
44
133
10
178
115
147
192
150
6
188
65
169
132
161
70
3
84
155
184
53
140
199
4
149
101
28
59
20
23
60
148
47
154
94
66
57
172
52
179
22
185
95
174
55
18
62
124
128
110
86
166
194
88
176
180
26
103
89
127
165
163
186
153
81
77
58
82
87
91
79
61
7
78
175
142
46
162
45
5
177
123
25
171
157
104
56
8
68
41
111
144
33
160
39
29
12
0
35
109
69
167
189
15
145
13
126
195
168
139
11
49
138
182
2
85
