2
182
138
11
139
43
126
13
132
169
65
188
6
150
192
147
71
67
120
191
90
178
10
133
44
17
100
63
96
32
102
38
27
16
197
1
24
156
42
30
198
117
151
54
31
193
164
73
136
105
190
80
46
162
45
142
175
78
5
7
61
79
91
58
77
50
111
41
119
159
143
106
124
62
18
55
83
128
110
64
176
180
163
165
127
89
103
26
113
88
194
166
86
185
52
172
57
179
22
130
95
9
199
59
28
101
149
4
140
183
174
53
184
155
167
189
3
70
161
15
145
69
29
109
35
0
12
39
49
33
160
144
56
104
8
68
82
87
21
177
123
171
25
158
116
121
131
125
51
98
85
