15
3
70
161
13
126
132
169
65
188
6
150
192
85
2
139
182
138
11
49
33
160
39
12
0
35
37
41
111
50
58
87
82
68
8
56
104
157
171
177
123
25
158
19
112
121
116
98
51
120
67
71
191
90
125
131
135
32
102
38
27
16
197
1
24
156
42
30
198
117
193
151
54
31
164
73
136
105
190
80
46
162
45
142
175
78
5
7
61
79
91
141
97
77
81
153
186
163
165
127
89
103
26
113
194
88
176
180
129
119
159
143
106
124
62
18
55
83
128
110
86
166
52
172
57
179
22
66
94
154
47
148
20
59
28
101
149
4
199
140
183
174
53
184
155
167
189
69
109
29
145
