191
120
67
71
147
192
150
6
188
65
169
43
2
139
182
138
11
49
33
160
39
29
12
0
35
109
69
145
195
126
13
132
161
70
3
15
189
167
155
184
53
152
170
34
55
174
183
140
4
149
101
28
59
199
9
95
181
83
18
62
124
128
110
86
185
22
179
57
172
52
166
194
88
176
180
26
103
89
127
165
163
186
153
81
77
58
91
79
61
21
87
82
68
8
56
104
157
171
25
123
177
7
5
78
175
142
45
162
46
80
190
105
136
73
164
31
54
193
30
198
117
151
19
112
121
116
98
51
125
131
24
156
1
197
16
27
38
102
63
100
17
44
133
10
178
90
