67
120
51
125
131
121
116
98
85
2
139
182
138
11
49
33
160
39
12
29
145
13
126
132
169
188
65
161
70
3
15
189
167
69
109
0
35
37
41
119
159
143
106
124
128
110
86
185
22
130
95
181
62
18
55
174
183
140
199
4
149
101
28
59
20
23
60
148
47
154
94
66
57
172
179
52
166
194
88
176
180
26
103
89
127
165
163
186
153
81
14
50
77
58
82
87
8
68
111
144
56
104
157
171
25
123
177
7
5
78
175
142
45
162
46
80
190
105
136
73
164
193
31
54
151
117
198
30
42
156
24
1
197
16
27
38
102
32
96
63
100
17
44
133
10
178
90
191
71
