126
43
2
85
6
150
192
98
51
120
67
71
191
125
90
178
10
133
44
17
100
63
96
32
102
38
27
16
197
1
24
156
42
30
198
117
193
31
164
73
54
151
19
112
121
116
158
25
123
177
5
45
162
46
142
175
78
7
61
79
91
141
97
77
58
82
68
8
87
171
157
104
56
144
160
33
138
182
139
11
49
29
39
12
0
109
35
37
111
41
159
143
124
106
119
153
186
163
165
127
89
103
26
180
176
88
194
166
86
110
95
185
22
179
52
172
57
66
94
154
47
148
20
59
28
101
149
4
140
199
9
183
174
55
18
62
34
69
167
189
3
70
161
15
145
13
132
169
65
188
