79
91
177
123
25
171
87
82
58
77
81
153
186
163
165
127
89
103
26
113
194
166
52
179
172
57
66
94
154
47
148
20
59
28
101
149
4
140
199
9
22
185
95
174
53
152
170
34
55
18
62
124
128
110
86
88
180
176
106
143
159
119
41
111
68
8
104
56
144
33
138
182
139
11
49
160
39
29
12
0
35
109
69
189
167
184
155
84
70
161
3
15
145
13
126
132
169
65
188
6
150
192
134
2
85
120
67
71
178
10
133
44
17
100
63
96
32
102
38
27
16
42
156
24
197
1
131
125
90
191
51
98
116
121
112
19
151
198
30
117
193
31
54
164
73
136
105
190
80
46
162
45
142
175
78
5
7
61
