46
162
45
142
175
78
5
7
177
123
25
171
87
21
61
79
91
141
97
77
58
82
8
68
111
41
159
143
124
106
119
153
186
163
165
127
89
103
26
180
176
88
194
166
52
179
172
57
66
94
154
47
148
22
185
86
110
128
62
18
55
181
95
9
199
59
28
101
149
4
140
183
174
53
184
155
167
189
69
109
35
0
12
29
39
160
144
56
104
33
49
11
138
182
139
2
43
126
13
145
15
3
70
161
132
169
65
188
6
150
192
147
115
178
10
133
44
17
100
63
102
32
122
90
191
71
67
120
125
51
98
116
121
112
19
151
117
198
30
156
24
1
197
38
27
16
42
196
193
31
54
164
73
136
105
190
80
