103
26
180
176
88
194
166
86
110
95
185
22
179
52
172
57
66
94
154
47
148
60
23
20
59
28
101
149
4
199
140
183
174
55
18
62
128
124
34
170
152
53
184
155
167
189
69
109
35
0
12
29
39
160
33
144
56
104
8
68
82
87
171
25
182
138
49
11
139
2
43
126
13
145
15
3
70
161
132
169
65
188
6
150
192
147
71
67
120
98
51
125
90
191
178
10
133
44
17
100
63
102
38
27
16
197
1
24
156
42
30
198
117
151
54
31
193
164
73
173
123
177
5
45
136
105
190
80
46
162
175
78
142
7
61
79
91
141
97
77
58
50
111
41
143
159
119
153
186
163
165
127
89
