3
70
161
132
169
65
188
6
150
192
147
115
178
10
133
44
17
100
63
96
32
102
38
27
16
197
1
24
156
42
30
198
117
193
105
190
80
46
162
175
78
142
45
136
73
164
31
54
151
19
112
121
131
90
191
125
51
98
116
158
25
123
177
171
157
104
8
87
21
61
79
91
141
97
77
58
82
68
111
50
14
81
153
186
163
89
165
127
103
26
180
176
88
194
166
86
110
95
185
22
179
52
172
57
66
94
154
47
148
60
23
20
59
199
28
101
149
4
140
183
174
55
18
62
128
124
106
143
159
119
41
37
35
109
0
12
29
39
160
144
56
33
49
138
182
11
139
2
43
126
13
145
15
