111
68
8
82
58
87
171
123
177
7
5
45
142
78
175
162
46
80
190
105
136
73
164
31
193
30
42
16
27
38
197
1
24
156
198
117
54
151
19
112
121
131
125
51
98
116
158
25
157
104
56
144
160
39
12
0
35
109
29
49
33
138
182
11
139
2
85
120
67
71
191
90
122
32
102
63
100
17
44
133
10
178
115
147
192
150
6
188
65
169
132
126
13
145
15
161
70
3
189
167
155
184
53
4
149
101
28
199
59
20
148
9
140
183
174
55
18
62
128
110
95
130
22
179
57
172
52
185
86
166
194
88
176
180
26
103
89
127
165
163
186
153
119
106
124
143
159
41
