52
172
57
66
94
154
47
148
20
59
28
101
149
4
199
140
183
174
53
184
155
167
189
3
70
161
15
145
13
126
132
169
65
188
6
150
192
147
115
178
10
133
44
17
100
122
125
90
191
71
67
120
51
98
116
121
112
19
131
135
32
102
38
27
16
197
1
24
156
42
30
198
117
193
151
54
31
164
73
136
105
190
80
46
162
175
78
142
45
5
123
177
7
61
79
91
141
97
77
58
82
87
171
157
8
68
111
144
56
104
138
182
139
11
49
33
160
39
29
12
0
109
35
37
41
14
81
153
186
165
127
89
103
26
163
129
119
159
143
106
124
62
18
55
83
128
64
176
180
88
194
166
86
110
95
185
22
179
