24
1
197
38
27
16
42
156
30
193
54
31
164
73
136
105
190
80
46
162
175
78
142
45
5
7
61
79
91
58
77
81
153
186
163
165
127
137
114
89
103
26
180
176
88
194
166
86
110
95
185
179
52
172
57
66
94
154
47
148
22
9
199
59
28
101
149
4
140
183
174
55
18
62
128
124
106
143
159
119
41
111
37
35
0
109
69
167
189
145
15
3
70
161
13
126
132
169
65
188
6
150
192
85
2
139
182
138
11
49
33
160
39
29
12
144
56
104
8
68
82
87
171
177
123
25
158
116
98
51
125
90
191
178
10
133
44
17
100
63
102
32
135
131
121
112
19
151
117
198
