80
46
162
175
78
142
45
5
123
177
7
61
79
91
87
58
82
8
104
56
144
68
111
41
119
159
143
106
124
62
18
55
83
128
110
86
166
194
88
176
180
26
103
163
89
165
127
114
137
75
76
48
52
172
57
179
185
95
130
22
66
94
154
47
148
20
59
28
101
149
4
199
140
183
174
53
184
167
189
155
84
70
161
3
15
145
195
126
13
132
169
65
188
6
150
192
147
71
67
120
125
90
191
178
10
133
44
17
100
122
131
121
116
51
98
85
2
139
11
49
160
33
138
182
157
171
25
158
112
19
151
117
198
30
156
24
1
197
16
38
27
42
196
193
31
54
164
73
136
105
190
