176
88
194
166
86
110
128
83
55
18
62
124
106
143
159
119
41
111
37
35
0
12
144
56
104
157
171
123
177
21
87
8
68
82
58
77
97
141
91
79
61
7
5
45
142
78
175
162
46
80
190
105
136
73
164
54
31
193
30
156
42
16
27
38
197
1
24
198
117
151
19
112
121
131
125
51
120
67
71
191
90
122
32
102
63
100
17
44
133
10
178
115
147
192
150
6
188
65
169
132
161
70
3
15
145
13
126
43
2
85
98
116
158
25
182
138
11
49
33
160
39
29
109
69
189
167
155
184
53
174
183
140
4
149
101
28
59
199
9
95
185
22
179
57
172
52
48
76
75
137
114
127
165
89
163
103
26
180
