194
88
180
176
86
110
95
185
22
66
94
154
47
148
20
59
28
101
149
4
199
140
183
174
181
128
124
62
18
55
34
170
152
53
184
155
167
189
69
109
35
0
12
39
29
49
11
139
168
195
126
13
145
15
3
70
161
132
169
65
188
6
150
192
85
2
182
138
33
160
144
56
104
8
68
111
41
14
50
77
58
82
87
171
177
123
25
158
116
121
131
125
51
98
120
67
71
191
90
178
10
133
44
17
100
63
102
38
27
16
197
1
24
156
42
30
198
117
151
54
31
193
164
73
136
105
190
80
46
162
45
142
175
78
5
7
61
79
91
141
97
153
186
163
165
127
89
103
26
114
137
75
76
48
172
57
179
52
166
