41
37
35
109
0
12
29
39
160
33
49
11
138
182
25
123
5
45
142
78
175
162
46
80
190
136
105
196
42
156
16
27
38
197
1
24
198
30
117
193
31
164
73
54
151
19
112
121
116
98
51
120
67
71
191
90
125
131
135
32
102
63
100
17
44
133
10
178
115
147
192
150
85
2
134
6
188
65
169
132
13
126
195
145
15
161
70
3
189
167
155
184
53
140
199
4
149
101
28
59
20
23
60
148
47
154
94
66
22
179
57
172
52
166
194
86
110
95
174
55
18
62
128
124
106
143
159
119
129
180
176
88
113
26
103
89
127
165
163
186
153
81
14
50
77
58
82
87
91
79
61
7
177
171
157
104
56
8
68
111
