194
166
86
185
179
52
172
57
66
94
154
47
148
60
23
20
59
28
101
149
4
140
199
9
22
130
95
110
128
124
62
18
55
34
170
152
53
184
155
167
189
69
109
35
0
12
39
29
49
160
33
138
182
11
139
168
195
126
13
145
15
3
70
161
132
169
65
188
6
150
192
85
2
74
118
98
51
125
90
191
120
67
71
178
10
133
44
17
100
63
102
32
135
131
121
112
19
151
117
198
24
1
197
38
27
16
42
156
30
193
31
54
164
73
136
105
190
80
46
162
45
142
175
78
5
7
61
79
91
177
123
25
171
157
104
56
8
68
111
41
14
50
82
87
58
77
81
153
186
163
165
127
89
103
26
180
176
88
