101
28
59
20
148
47
154
94
66
57
172
52
179
22
185
95
110
86
166
194
88
176
180
26
103
89
127
165
163
186
153
119
159
143
14
50
58
77
97
141
91
79
61
21
87
82
8
68
111
41
37
35
109
0
12
39
29
49
11
139
182
138
33
160
144
56
104
157
171
177
123
25
158
19
112
121
116
98
51
125
120
67
71
191
90
131
151
54
73
136
45
142
78
175
162
46
80
190
105
164
31
193
117
198
30
42
156
24
1
197
16
27
38
102
32
96
63
100
17
44
133
10
178
115
147
192
150
85
2
134
6
188
65
169
132
126
13
161
70
3
15
145
189
167
69
34
124
128
62
18
55
174
183
140
199
4
149
