50
77
58
82
87
8
68
144
56
104
157
171
123
177
91
79
61
7
5
78
175
142
45
162
46
80
190
105
136
73
164
54
31
193
117
30
42
27
38
16
197
1
24
156
198
151
19
112
121
116
51
125
191
90
122
100
17
44
133
10
178
71
67
120
98
158
25
182
138
33
160
49
11
139
2
85
192
150
6
188
65
169
132
126
13
161
70
3
15
145
189
167
155
184
53
4
149
101
28
199
140
183
174
55
18
83
181
95
185
22
148
59
20
23
60
47
154
94
66
57
172
179
52
166
194
114
137
127
165
89
163
103
26
180
176
88
86
110
128
62
124
106
143
159
119
41
37
35
109
0
29
39
12
111
