177
123
5
45
142
78
175
162
46
80
190
105
136
73
164
31
54
193
117
30
42
16
27
38
197
1
24
156
198
151
19
112
121
131
125
90
191
71
67
120
51
98
118
74
2
85
192
150
6
188
65
169
132
126
13
161
70
3
15
145
189
167
69
29
109
35
0
12
39
160
33
49
11
138
182
25
171
157
104
56
144
68
8
87
82
58
50
111
41
143
159
119
129
180
176
88
194
166
179
22
185
95
86
110
128
124
62
18
55
174
183
140
199
4
149
101
28
59
20
23
60
148
47
154
94
66
57
172
52
48
76
75
137
114
26
103
89
127
165
163
186
153
81
77
97
141
91
79
61
7
