178
115
147
192
150
6
188
65
169
132
126
13
145
15
161
70
3
189
167
69
109
35
0
12
29
39
160
33
49
11
138
104
56
144
68
111
41
119
159
143
106
124
128
110
62
18
55
174
183
140
4
149
101
28
59
199
9
148
47
154
94
66
57
172
52
179
22
185
95
86
166
194
76
75
137
114
113
88
176
180
26
103
127
165
89
163
186
153
81
77
58
82
87
8
171
157
182
139
2
85
74
25
123
177
7
5
78
175
142
45
162
46
80
190
105
136
73
164
193
31
54
151
117
198
30
42
156
24
1
197
16
27
38
102
32
135
131
121
116
98
51
120
67
71
191
90
125
122
100
17
44
133
10
