121
112
19
73
164
31
54
193
105
136
162
46
175
78
142
45
5
123
177
7
61
79
91
87
171
25
182
138
11
49
33
160
144
56
104
8
68
82
58
77
50
111
41
14
81
153
186
163
165
127
89
103
26
180
176
88
194
166
86
110
128
124
106
119
159
143
35
0
12
39
29
109
69
34
55
18
62
181
95
185
22
179
52
172
57
66
94
154
47
148
20
59
28
101
149
4
199
140
183
174
53
184
155
167
189
3
70
161
15
145
195
126
13
132
169
65
188
6
150
192
85
2
74
118
98
51
125
90
191
178
10
133
44
17
100
63
102
38
27
16
197
1
24
156
42
30
198
117
151
131
