24
156
42
30
198
117
193
105
190
80
136
73
164
31
54
151
19
112
121
131
125
90
191
71
67
120
51
98
116
158
25
182
138
11
49
33
160
144
56
104
8
68
82
87
171
177
123
5
45
162
46
175
78
142
7
61
79
91
58
77
81
153
186
163
165
127
89
103
26
114
76
48
52
172
57
179
22
185
86
166
194
88
180
176
64
110
95
130
66
94
154
47
148
20
59
28
101
149
4
199
140
183
174
55
18
62
128
124
106
143
159
119
41
111
37
35
12
39
29
0
109
69
167
189
145
15
3
70
161
132
13
126
43
2
169
65
188
6
150
192
147
115
178
10
133
44
17
100
63
102
38
27
16
197
1
