156
198
117
30
42
16
27
38
102
63
100
17
44
133
10
178
90
191
120
67
71
147
192
150
6
188
65
169
132
126
13
145
15
161
70
3
84
155
184
53
174
55
34
167
189
69
109
35
0
12
39
29
49
11
139
182
138
33
160
144
56
104
8
87
58
82
68
111
41
119
159
143
106
124
62
128
110
95
9
199
140
4
149
101
28
59
20
23
60
148
47
154
94
66
57
172
52
179
22
185
86
166
194
88
176
180
26
103
127
165
89
163
186
153
81
77
97
141
91
79
61
171
25
123
177
7
5
78
175
142
45
46
162
136
105
193
31
164
73
54
151
19
112
121
116
118
74
2
85
98
51
125
131
1
197
24
