148
47
154
94
66
57
172
52
179
22
185
95
110
86
166
194
114
137
127
165
89
163
103
26
113
88
176
180
129
119
159
143
41
14
81
153
186
97
77
58
82
8
68
111
37
35
109
0
12
39
29
49
11
139
182
138
33
160
144
56
104
157
171
87
91
79
61
7
142
78
175
46
162
45
5
177
123
25
173
136
105
193
31
164
73
54
151
117
198
30
42
156
24
1
197
16
27
38
102
63
100
17
44
133
10
178
191
90
125
71
67
120
51
98
118
74
2
85
192
150
6
188
65
169
132
126
13
145
15
3
161
70
84
155
184
167
189
69
34
124
128
62
18
55
174
183
140
4
149
101
28
199
59
20
