90
125
122
100
17
44
133
10
178
115
147
192
150
6
188
65
169
132
126
13
161
70
3
15
145
189
167
155
184
53
174
183
140
199
4
149
101
28
59
20
148
47
154
94
66
57
172
52
179
22
185
95
86
110
128
62
18
55
34
69
109
35
0
12
29
39
160
33
49
11
138
182
139
2
85
74
25
171
87
82
8
104
56
144
68
111
41
119
159
143
106
124
64
176
180
88
194
113
26
103
89
127
165
163
186
153
81
77
58
91
79
61
7
177
123
5
78
175
142
45
162
46
80
190
105
136
73
164
31
54
151
193
117
198
30
42
156
24
1
197
16
27
38
102
63
96
32
135
131
121
116
98
51
120
67
71
191
