110
128
124
62
18
55
34
170
152
53
184
155
167
189
69
195
126
13
145
15
3
70
161
132
169
65
188
6
150
192
147
71
67
120
125
90
191
178
10
133
44
17
100
63
102
38
27
16
197
1
24
156
42
30
198
117
193
31
164
105
190
80
46
162
175
78
142
45
136
73
54
151
19
112
121
116
51
98
85
2
139
11
49
138
182
25
123
177
171
157
104
8
68
82
87
21
61
79
91
58
77
50
14
41
111
144
56
33
160
39
29
12
0
109
35
143
159
119
153
186
163
26
103
89
165
127
137
114
113
180
176
88
194
166
86
185
22
179
52
172
57
66
94
154
47
148
20
59
28
101
149
4
140
199
9
95
