38
102
63
100
17
44
133
10
178
191
90
125
120
67
71
147
192
150
6
188
65
169
132
13
126
195
168
11
139
2
85
51
98
118
74
182
138
49
33
160
39
29
12
0
35
109
69
167
189
145
15
3
161
70
84
155
184
53
152
170
34
55
18
62
128
110
95
9
199
140
4
149
101
28
59
20
148
47
154
94
66
57
172
52
179
22
185
86
166
194
88
176
180
26
103
89
127
165
163
186
153
119
106
124
143
159
41
14
50
77
58
82
68
111
144
56
104
8
87
171
25
123
177
7
5
78
175
142
45
162
46
80
190
105
136
73
19
112
121
131
151
54
31
164
193
117
198
30
42
156
24
1
197
16
27
