127
89
103
26
180
176
88
194
166
86
110
128
124
62
18
55
174
95
185
22
179
52
172
57
66
94
154
47
148
20
59
28
101
149
4
199
140
53
184
155
84
70
161
3
15
145
189
167
69
109
35
0
12
39
29
49
11
33
160
144
111
68
82
58
87
8
56
104
157
138
182
139
2
43
126
13
132
169
65
188
6
150
192
147
71
67
120
98
51
125
90
191
178
10
133
44
17
100
63
102
38
27
16
197
1
24
156
42
30
198
117
193
31
164
73
54
151
19
121
112
173
136
105
190
80
46
162
45
142
175
78
5
123
25
171
177
7
61
79
91
141
97
77
50
14
41
143
159
119
153
186
163
165
