0
12
39
29
49
33
160
144
56
104
8
68
111
41
143
159
119
153
186
129
106
124
62
18
55
83
128
110
86
95
185
22
9
199
140
4
149
101
28
59
20
23
60
148
47
154
94
66
57
172
179
52
166
194
88
176
180
26
103
163
89
127
165
187
146
97
77
58
82
87
171
177
123
173
151
54
31
164
73
136
45
142
78
175
162
46
80
190
105
193
117
198
30
42
156
24
1
197
16
27
38
102
32
96
63
100
17
44
133
10
178
191
90
125
71
67
120
51
98
116
121
112
19
158
25
182
138
11
139
2
85
192
150
6
188
65
169
132
126
13
145
15
3
161
70
84
155
184
167
189
69
109
35
