169
6
192
150
188
65
161
70
3
15
145
29
39
12
0
35
109
69
189
167
155
184
53
174
183
140
199
4
149
101
28
59
20
23
60
148
47
154
94
66
57
172
52
179
22
185
95
181
55
18
62
124
128
110
86
166
194
88
176
180
26
103
127
165
89
163
186
153
119
159
143
41
111
68
50
77
58
82
87
8
104
56
144
160
33
49
11
138
182
25
171
123
177
7
5
45
142
78
175
162
46
80
190
105
136
73
164
193
31
54
151
117
198
30
42
156
24
1
197
16
27
38
102
63
100
17
44
133
122
131
121
116
125
90
191
71
67
120
51
98
85
2
43
168
195
126
13
132
