12
39
29
0
35
109
69
167
189
3
70
161
15
145
195
126
13
132
169
65
188
2
85
6
150
192
147
115
178
10
133
44
17
100
122
90
191
71
67
120
98
51
125
131
135
32
102
38
27
16
197
1
24
156
42
30
198
117
193
105
190
80
46
162
175
78
142
45
136
73
164
31
54
151
19
112
121
116
158
25
182
138
11
49
33
160
144
111
68
8
56
104
157
171
123
177
7
61
79
91
87
82
58
77
81
153
186
163
89
165
127
114
137
75
76
48
52
172
57
179
22
9
199
59
28
101
149
4
140
53
152
170
34
55
174
95
86
166
194
113
26
103
180
176
88
64
110
128
62
124
106
143
159
119
41
37
