105
136
73
164
193
31
54
151
117
198
30
42
156
24
1
197
16
27
38
102
63
100
17
44
133
10
178
191
90
125
131
19
112
121
116
98
51
120
67
71
147
192
150
6
188
65
169
132
13
126
195
168
43
134
85
2
139
182
138
11
49
33
160
39
12
35
109
0
29
145
15
3
161
70
84
155
184
167
189
69
34
55
18
62
124
128
110
95
9
199
140
4
149
101
28
59
20
148
47
154
94
66
57
172
52
179
22
185
86
176
180
88
194
166
48
76
75
137
114
26
103
89
127
165
163
186
153
119
159
143
41
111
68
144
56
104
8
87
82
58
77
97
141
91
79
61
7
177
171
25
123
5
78
175
142
45
162
46
80
190
