95
185
22
179
52
172
57
66
94
154
47
148
20
59
28
101
149
4
199
140
183
174
53
184
155
84
70
161
3
15
145
195
126
13
132
169
65
188
6
150
192
85
2
139
11
49
33
138
182
157
171
25
158
116
98
51
125
120
67
71
191
90
178
10
133
44
17
100
122
131
121
112
19
151
1
197
38
27
16
24
156
42
30
198
117
193
54
31
164
73
136
105
190
80
46
162
45
142
175
78
5
7
177
21
87
61
79
91
141
97
186
153
81
77
58
82
68
8
104
56
144
160
39
29
12
0
35
109
69
189
167
34
55
18
62
124
128
64
176
180
163
165
127
89
103
26
113
88
194
166
86
110
