25
171
87
91
79
61
7
177
123
5
45
142
78
175
162
46
80
190
105
136
73
164
54
31
193
117
30
42
156
24
198
151
19
112
121
131
1
197
16
27
38
102
32
96
63
100
17
44
133
10
178
115
147
192
150
6
188
65
169
132
126
13
145
15
161
70
3
189
167
69
109
29
39
12
0
35
37
111
41
119
159
143
106
124
62
18
55
83
128
110
86
185
22
130
95
9
199
140
4
149
101
28
59
20
23
60
148
47
154
94
66
57
172
179
52
166
194
88
176
180
26
103
89
127
165
163
186
153
81
77
58
82
68
8
104
56
144
160
33
49
138
182
11
139
2
85
120
67
71
191
90
125
51
98
116
158
