4
140
183
174
53
184
155
167
189
3
70
161
15
145
13
126
132
169
65
188
6
150
192
85
2
139
11
182
138
157
171
25
158
116
121
112
19
151
117
198
156
24
1
197
102
32
135
131
125
90
191
178
10
133
44
17
100
63
92
38
27
16
42
30
193
54
31
164
73
136
105
190
80
46
162
175
78
142
45
5
123
177
7
61
79
91
87
82
68
8
104
56
144
160
33
49
29
39
12
0
35
109
69
34
55
18
62
124
128
110
64
163
186
153
119
159
143
41
111
50
58
77
97
146
187
165
127
89
103
26
180
176
88
194
166
86
95
185
22
9
199
148
47
66
94
154
60
23
20
59
28
101
149
