185
22
179
52
172
57
66
94
154
47
148
60
23
20
59
28
101
149
4
140
199
9
95
110
128
62
18
55
34
170
152
53
184
155
167
189
145
15
3
70
161
132
13
126
169
65
188
6
150
192
147
71
67
120
98
51
125
90
191
178
10
133
44
17
100
63
102
32
135
131
121
112
19
151
198
156
24
1
197
38
27
16
42
30
117
193
31
54
164
73
136
105
190
80
46
162
45
142
175
78
5
123
177
7
61
79
91
141
97
77
81
14
41
111
50
58
82
68
144
56
104
8
87
171
25
182
138
11
49
33
160
39
29
12
0
109
35
143
159
124
106
119
153
186
163
165
127
89
103
26
180
176
88
194
166
86
