89
163
186
153
119
159
143
35
109
0
29
39
12
37
41
111
50
77
58
91
79
61
21
87
82
68
8
104
56
144
160
33
49
11
138
182
139
2
85
98
51
116
121
112
19
173
5
45
142
78
175
46
162
136
105
193
31
164
73
54
151
117
198
30
42
156
24
1
197
16
27
38
102
32
135
131
125
191
90
122
100
17
44
133
10
178
115
147
192
150
6
188
65
169
132
126
13
145
15
3
161
70
84
155
184
167
189
69
34
174
183
140
199
4
149
101
28
59
20
148
47
154
94
66
57
172
52
179
22
185
95
86
110
128
83
55
18
62
124
64
166
194
88
176
180
26
103
127
165
