37
35
109
0
12
29
39
160
144
56
104
33
49
11
139
182
138
157
171
177
7
78
175
142
45
5
123
25
173
136
162
46
80
190
105
73
164
31
54
193
30
42
156
24
198
117
151
19
112
121
131
1
197
16
27
38
102
32
96
63
100
17
44
133
10
178
115
147
192
150
67
71
191
90
125
51
98
85
2
134
6
188
65
169
132
126
13
145
15
3
161
70
84
155
189
167
184
53
174
183
140
4
149
101
28
59
199
9
95
130
22
148
47
154
94
66
57
172
52
179
185
86
110
128
83
55
18
62
124
64
166
194
88
176
180
26
103
89
127
165
163
186
153
81
77
58
82
87
8
68
111
41
