105
190
80
46
162
175
78
142
45
136
73
164
31
54
151
19
112
121
116
51
98
158
25
123
177
171
157
104
56
144
160
33
49
29
39
12
0
35
109
69
34
55
18
62
128
124
106
143
159
119
41
111
68
8
82
87
21
61
79
91
58
77
81
153
186
163
165
127
89
103
26
180
176
88
194
166
86
110
95
185
22
179
52
172
57
66
94
154
47
148
20
59
28
101
149
4
199
140
183
174
53
184
155
167
189
3
70
161
15
145
13
126
195
168
11
138
182
139
2
43
169
65
188
6
150
192
147
71
67
120
125
90
191
178
10
133
44
17
100
63
102
38
27
16
197
1
24
156
42
30
198
117
193
