175
142
45
162
46
80
190
136
105
196
42
156
30
198
117
193
31
164
73
54
151
24
1
197
16
27
38
102
63
100
17
44
133
10
178
115
147
192
150
6
188
65
169
132
126
13
161
70
3
15
145
189
167
155
184
53
4
149
101
28
140
174
183
9
199
59
20
148
47
154
94
66
57
172
52
179
22
185
95
86
166
194
88
113
26
103
89
127
165
163
186
153
81
77
58
87
82
111
41
143
159
119
129
180
176
64
110
128
124
62
18
55
34
69
109
35
0
12
29
39
160
144
68
8
56
104
157
182
138
33
49
11
139
2
85
98
51
120
67
71
191
90
125
131
121
116
158
25
171
123
177
7
5
78
