174
55
18
62
128
124
106
159
143
69
167
189
3
70
161
15
145
13
126
132
169
65
188
6
150
192
147
115
178
10
133
44
17
100
122
131
125
90
191
71
67
120
51
116
121
112
19
151
117
198
156
24
1
197
16
38
27
42
30
193
54
31
164
73
136
105
190
80
46
162
45
142
175
78
5
123
177
7
61
79
91
87
58
82
68
8
56
144
160
33
104
157
171
25
138
182
74
118
98
85
2
139
11
49
29
39
12
0
109
35
37
111
41
119
153
186
163
165
127
89
103
26
180
176
88
194
166
86
110
95
185
22
179
52
172
57
66
94
154
47
148
20
59
28
101
149
4
199
140
183
