103
89
127
165
187
146
97
77
50
14
41
111
68
8
56
104
87
82
58
91
79
61
7
177
123
171
157
138
182
25
158
19
112
121
116
118
74
2
85
98
51
125
90
122
32
102
16
197
1
24
151
54
31
164
73
136
45
142
78
175
162
46
80
190
105
193
117
198
30
156
42
27
38
92
63
100
17
44
133
10
178
191
120
67
71
147
192
150
6
188
65
169
132
161
70
3
15
145
13
126
195
168
139
11
49
33
160
39
29
12
0
109
35
143
159
119
153
186
163
129
106
124
62
18
55
174
183
140
4
149
101
28
199
59
20
23
60
148
9
181
128
110
86
95
185
22
179
57
172
52
166
194
88
176
180
26
