101
28
59
20
23
60
148
47
154
94
66
57
172
52
179
22
185
95
110
86
166
194
88
176
180
26
103
127
165
89
163
186
153
119
159
143
106
124
128
62
18
55
34
35
0
109
69
167
189
145
13
126
43
2
139
11
49
29
12
39
160
33
138
182
25
171
157
104
56
8
68
82
87
58
77
97
141
91
79
61
7
177
123
5
78
175
142
45
162
46
80
190
105
136
73
164
31
54
151
193
117
198
30
42
156
24
1
197
16
27
38
102
63
100
17
44
133
122
131
121
116
98
51
125
90
191
120
67
71
147
192
150
6
188
65
169
132
15
3
161
70
84
155
184
53
174
183
140
199
4
149
