81
153
186
119
159
143
41
37
12
39
29
0
35
109
69
189
167
34
55
18
62
124
128
110
86
176
180
163
165
127
89
103
26
113
88
194
166
52
172
179
22
57
66
94
154
47
148
20
59
199
28
101
149
4
140
183
174
53
184
155
84
70
161
3
15
145
13
126
132
169
65
188
6
150
192
147
115
178
10
133
44
17
100
63
102
38
27
16
197
1
24
156
42
30
198
117
193
164
31
54
151
131
125
90
191
71
67
120
51
98
116
121
112
19
73
136
105
190
80
46
162
175
78
142
45
5
123
25
171
177
7
61
79
91
87
8
56
104
157
138
182
139
11
49
33
160
144
111
68
82
58
77
