119
159
143
106
124
64
176
180
163
165
127
89
103
26
113
88
194
166
86
185
179
52
172
57
66
94
154
47
148
22
130
95
110
128
62
18
55
174
183
9
199
59
28
101
149
4
140
53
184
155
167
189
3
70
161
15
145
13
126
132
169
65
188
6
150
192
147
115
178
10
133
44
17
100
63
102
32
135
131
125
90
191
71
67
120
51
98
116
121
112
19
151
73
164
31
54
117
198
24
1
197
16
38
27
42
156
30
193
105
136
162
46
175
78
142
45
5
7
177
123
25
182
138
11
49
33
160
39
29
12
0
109
35
37
111
41
14
50
58
82
68
8
56
104
157
171
87
21
61
79
91
141
97
77
81
153
186
