151
54
31
73
164
193
117
198
30
42
156
24
1
197
16
27
38
102
63
100
17
44
133
10
178
191
90
125
51
98
120
67
71
147
192
150
6
85
2
182
138
11
139
168
195
126
13
132
169
188
65
161
70
3
15
145
69
109
35
0
12
39
29
49
33
160
144
56
104
8
68
111
41
119
159
143
106
124
62
34
167
189
155
184
53
4
149
101
28
199
140
183
174
55
18
128
110
86
95
185
22
148
59
20
23
60
47
154
94
66
57
172
179
52
166
194
88
176
180
26
103
89
127
165
163
186
153
81
77
58
82
87
91
79
61
7
78
175
142
46
162
45
5
123
177
171
25
158
116
121
112
19
