89
103
26
113
88
194
166
86
95
185
22
179
52
172
57
66
94
154
47
148
60
23
20
59
28
101
149
4
199
140
183
174
55
34
170
152
53
184
155
167
189
69
109
35
0
12
39
29
49
33
160
144
68
8
56
104
157
171
25
182
138
11
139
43
126
13
145
15
3
70
161
132
169
65
188
6
150
192
147
71
67
120
85
2
74
118
98
51
125
90
191
178
10
133
44
17
100
63
102
38
27
16
197
1
24
156
42
30
198
117
151
54
31
193
164
73
136
105
190
80
46
162
175
78
142
45
5
123
177
7
61
79
91
87
82
58
77
50
111
41
119
159
143
106
124
62
128
110
64
176
180
163
165
127
