73
54
151
198
156
24
197
1
131
121
116
158
25
171
177
123
45
162
46
175
78
142
5
7
61
79
91
87
82
58
77
50
14
41
119
153
186
163
165
127
89
103
26
180
176
88
194
166
86
110
95
185
22
179
52
172
57
66
94
154
47
148
20
59
199
28
101
149
4
140
183
174
55
18
62
128
124
106
159
143
34
170
152
53
184
155
167
189
15
3
70
161
65
188
169
132
126
13
145
69
29
39
12
0
109
35
37
111
68
8
56
104
157
182
138
33
160
49
11
139
2
85
98
51
120
67
71
191
125
90
178
10
133
44
17
100
63
102
38
27
16
42
30
117
193
31
164
