171
157
138
182
139
11
49
33
160
29
109
35
0
12
39
144
56
104
8
68
111
41
119
159
143
106
124
62
18
55
34
69
167
189
145
13
126
169
188
65
132
15
3
161
70
84
155
184
53
174
183
140
4
149
101
28
59
199
9
95
185
22
148
47
154
94
66
57
172
52
179
86
110
128
64
176
180
88
194
113
26
103
114
137
127
165
89
163
186
153
81
77
58
82
87
91
79
61
7
177
123
5
78
175
142
45
162
46
80
190
105
136
73
164
193
31
54
19
112
121
131
151
117
198
30
42
156
24
1
197
16
27
38
102
63
100
17
44
133
10
178
90
125
191
71
67
120
51
98
116
158
25
