194
88
176
180
26
103
127
165
89
163
186
153
81
77
58
82
87
91
79
61
7
177
123
5
78
175
142
45
162
46
80
190
105
136
73
164
193
31
54
151
117
198
30
42
156
24
1
197
16
27
38
102
63
100
17
44
133
10
178
191
90
125
131
121
116
98
51
120
67
71
147
192
150
6
188
65
169
43
2
139
11
49
160
33
138
182
25
171
157
104
56
8
68
111
41
37
35
109
0
12
39
29
69
145
195
126
13
132
161
70
3
15
189
167
155
184
53
174
55
18
62
143
159
119
106
124
128
110
95
9
199
140
4
149
101
28
59
20
148
47
154
94
66
57
172
52
179
22
185
86
166
