118
98
51
116
121
131
125
90
191
178
10
133
44
17
100
63
102
38
27
16
197
1
24
156
42
30
198
117
151
19
112
158
25
123
5
45
136
73
164
54
31
193
105
190
80
46
162
142
175
78
7
61
79
91
177
171
87
58
82
8
104
56
33
138
182
139
11
49
160
144
68
111
41
37
35
109
0
12
39
29
69
189
167
34
55
18
62
124
128
110
86
95
185
22
179
88
176
180
163
165
127
89
103
26
113
194
166
52
172
57
66
94
154
47
148
20
59
28
101
149
4
199
140
183
174
53
184
155
84
70
161
3
15
145
13
126
132
169
65
188
6
150
192
85
2
74
