16
27
38
102
63
100
17
44
133
10
178
90
125
191
71
147
192
150
67
120
51
98
85
2
134
6
188
65
169
132
126
13
145
15
161
70
3
189
167
155
184
53
174
55
18
62
128
110
95
9
199
140
4
149
101
28
59
20
148
47
154
94
66
57
172
52
179
22
185
86
166
194
88
176
180
26
103
89
127
165
163
129
106
124
143
159
119
186
153
81
77
58
82
68
111
41
37
35
109
0
12
29
39
160
33
49
11
139
182
138
157
104
56
8
87
171
177
7
78
175
142
5
123
25
158
116
121
112
19
151
54
73
136
45
162
46
80
190
105
164
31
193
117
198
30
42
156
24
1
197
