54
31
193
164
73
136
105
190
80
46
162
45
142
175
78
5
7
177
123
171
25
182
138
49
33
160
144
56
104
8
68
111
41
14
50
58
82
87
21
61
79
91
141
97
77
81
153
186
119
159
143
124
106
129
163
165
127
89
103
26
180
176
88
194
166
52
179
172
57
66
94
154
47
148
60
23
20
59
199
9
22
185
95
86
110
128
62
18
55
174
183
140
28
101
149
4
53
184
155
167
189
69
109
35
0
12
39
29
145
15
3
70
161
65
188
169
132
13
126
195
168
11
139
2
85
98
51
120
67
71
125
90
191
178
10
133
44
17
100
63
102
38
27
16
197
1
24
156
42
30
198
117
151
