198
131
125
90
191
71
67
120
51
98
116
121
112
19
151
117
193
54
31
164
73
136
105
190
80
46
162
45
142
175
78
5
7
177
123
171
25
182
138
33
160
144
56
104
8
68
82
87
58
77
50
111
41
143
159
119
153
186
163
165
127
89
103
26
180
176
88
194
166
86
110
95
185
22
179
52
172
57
66
94
154
47
148
60
23
20
59
28
101
149
4
199
140
183
174
55
18
62
128
124
34
170
152
53
184
155
167
189
69
109
35
0
12
39
29
49
11
139
168
195
126
13
145
15
3
70
161
65
188
169
43
2
85
6
150
192
147
115
178
10
133
44
17
100
63
102
38
27
16
197
1
24
156
42
30
