100
63
102
38
27
16
197
1
156
42
196
105
190
80
46
162
175
78
142
45
136
73
164
193
31
54
151
117
30
198
24
131
125
90
191
71
67
120
51
98
116
121
112
19
158
25
171
123
177
7
61
79
91
141
97
77
58
82
87
104
56
8
68
111
41
119
159
143
106
124
64
88
176
180
163
165
127
89
103
26
113
194
166
86
185
179
52
172
57
66
94
154
47
148
60
23
20
59
9
22
130
95
110
128
62
18
55
174
183
140
199
28
101
149
4
53
184
155
167
189
3
70
161
15
145
69
109
35
0
12
39
29
49
160
33
138
182
11
139
2
43
126
13
132
169
65
188
6
150
192
147
115
178
10
133
44
17
