157
171
25
182
138
11
139
2
85
98
51
116
121
112
19
131
135
32
102
96
122
44
133
178
191
90
125
120
67
71
6
169
132
126
13
145
15
3
70
161
65
188
150
192
147
115
10
17
100
63
92
38
27
16
197
1
24
156
42
30
198
117
151
54
31
193
164
73
136
105
190
80
46
162
45
142
175
78
5
123
177
7
61
79
91
87
82
58
77
50
14
41
111
37
12
0
109
35
34
55
18
62
124
128
110
86
166
194
88
176
180
26
103
163
89
165
127
114
137
75
76
48
52
179
172
57
66
94
154
47
148
20
59
28
101
149
4
140
199
9
22
185
95
174
53
184
155
167
189
69
29
39
49
33
160
144
68
8
56
104
