2
139
11
49
33
160
39
29
12
0
109
35
37
41
111
68
50
77
58
82
87
8
56
104
171
157
138
182
25
158
98
51
120
67
71
191
90
178
10
133
44
17
100
63
96
32
102
38
27
16
42
156
30
198
117
193
31
164
73
54
151
24
197
1
131
125
116
121
112
19
173
123
177
5
45
162
46
142
175
78
7
61
79
91
141
97
153
186
163
165
127
89
103
26
180
176
88
194
166
86
179
52
172
57
66
94
154
47
148
22
185
95
9
199
59
28
101
149
4
140
183
174
55
18
62
110
128
124
34
69
189
167
184
155
84
3
70
161
15
145
13
126
132
169
65
188
6
150
192
85
