112
121
131
122
100
17
44
133
10
178
191
90
125
51
98
120
67
71
147
192
150
85
2
134
6
188
65
169
132
161
70
15
3
84
155
184
53
4
149
101
28
59
199
140
183
174
55
18
62
128
110
86
95
185
22
179
57
172
52
166
194
88
176
180
26
103
127
165
89
163
186
153
81
14
41
119
159
143
106
124
34
69
167
189
145
13
126
195
168
139
11
49
29
109
35
0
12
39
160
33
138
182
25
123
177
171
157
104
56
8
68
82
87
58
77
97
141
91
79
61
7
5
78
175
142
45
162
46
80
190
105
136
73
164
31
54
193
117
198
30
42
156
24
16
27
38
197
1
151
19
