45
162
46
80
190
105
136
73
164
193
31
54
151
117
198
30
42
156
24
1
197
16
27
38
102
63
100
17
44
133
10
178
115
147
192
150
6
188
65
169
132
126
13
145
15
161
70
3
189
167
155
184
53
152
170
34
55
18
62
124
128
110
86
176
180
88
194
166
52
179
22
185
95
174
183
140
4
149
101
28
59
199
9
148
47
154
94
66
57
172
48
76
75
137
114
26
103
89
127
165
163
186
153
81
77
58
50
14
41
68
111
37
35
109
0
12
39
29
49
11
138
182
139
2
85
98
120
67
71
191
90
125
51
121
116
158
25
171
157
104
33
160
144
56
8
82
87
91
79
61
7
177
123
5
78
175
142
