195
145
15
161
70
3
189
167
69
29
39
12
0
109
35
37
111
41
119
159
143
106
124
62
18
55
174
183
140
4
149
101
28
59
199
9
22
185
95
86
110
128
64
176
180
88
194
166
179
57
172
52
48
76
75
137
114
26
103
127
165
89
163
186
153
81
77
58
91
79
61
7
78
175
142
45
162
46
80
190
105
30
156
42
16
27
38
197
1
24
198
117
193
164
31
54
151
131
135
32
102
63
100
17
44
133
10
178
191
90
125
116
121
112
19
73
136
5
123
177
171
87
82
68
8
56
104
157
182
138
33
160
49
11
139
2
85
74
118
98
51
120
67
71
147
192
150
6
188
65
169
132
13
126
