167
155
184
53
4
149
101
28
59
20
23
60
148
47
154
94
66
57
172
52
179
22
185
95
9
199
140
183
174
55
18
62
124
128
110
86
166
194
88
176
180
26
103
127
165
89
163
186
153
119
159
143
41
111
50
58
77
97
141
91
79
61
21
87
82
68
8
56
104
157
171
123
177
7
5
45
142
78
175
162
46
80
190
105
136
73
164
193
31
54
151
117
198
30
42
156
24
1
197
16
27
38
102
63
100
17
44
133
10
178
90
191
71
67
120
125
51
98
116
121
112
19
158
25
182
138
33
160
39
12
35
109
0
29
49
11
139
2
85
192
150
6
188
65
169
132
126
13
145
161
70
3
15
189
