46
80
190
105
136
73
164
31
54
151
193
117
198
30
42
156
24
1
197
16
27
38
102
63
100
17
44
133
10
178
191
90
125
131
121
116
98
51
120
67
71
147
192
150
6
188
65
169
132
126
13
145
15
161
70
3
189
167
155
184
53
174
183
140
4
149
101
28
59
199
9
95
185
22
148
47
154
94
66
57
172
179
52
166
194
88
113
26
103
89
127
165
163
180
176
86
110
128
83
55
18
62
124
106
143
159
119
186
153
81
77
97
141
91
79
61
58
82
68
111
41
37
35
109
0
12
29
39
160
33
49
11
139
182
138
157
104
56
8
87
171
25
123
177
7
5
45
142
78
175
162
