41
159
143
124
106
119
153
186
163
89
165
127
137
114
103
26
180
176
88
194
166
86
110
95
185
22
179
52
172
57
66
94
154
47
148
20
59
28
101
149
4
199
140
183
174
55
18
62
34
170
152
53
184
155
167
189
69
109
35
0
29
39
12
37
111
144
56
104
8
68
82
87
171
25
182
138
33
160
49
11
139
2
43
126
13
145
15
3
70
161
132
169
65
188
6
150
192
147
115
178
10
133
44
17
100
63
102
32
135
131
125
90
191
71
67
120
51
98
116
121
112
19
151
24
1
197
16
38
27
42
156
30
198
117
193
31
54
164
73
136
105
190
80
46
162
45
142
175
78
5
123
177
7
61
79
91
141
97
77
58
50
14
