59
20
23
60
148
47
154
94
66
57
172
52
179
22
185
95
110
86
166
194
88
176
180
26
103
127
114
137
165
89
163
186
153
119
159
143
41
111
50
77
58
91
79
61
7
5
45
142
78
175
162
46
80
190
105
136
73
19
112
151
54
31
164
193
117
198
30
42
156
24
1
197
16
27
38
102
63
100
17
44
133
10
178
90
191
120
67
71
147
192
150
6
188
65
169
132
13
161
70
3
15
145
195
126
43
2
85
98
51
125
131
121
116
158
25
123
177
171
87
82
68
8
104
56
144
160
33
138
182
139
11
49
29
39
12
0
109
35
124
128
62
18
55
174
183
140
199
4
149
101
28
