125
131
121
112
19
151
54
31
164
73
136
45
5
123
177
171
157
138
182
2
85
192
150
6
188
65
169
132
161
70
3
15
145
13
126
43
139
11
49
33
160
39
29
109
35
0
12
144
56
104
8
87
82
68
111
41
119
159
143
106
124
128
110
86
185
22
130
95
181
62
18
55
174
183
140
199
4
149
101
28
59
20
148
47
154
94
66
57
172
179
52
166
194
88
176
180
113
114
137
127
165
89
103
26
163
186
153
81
77
58
91
79
61
7
78
175
142
162
46
80
190
105
193
117
198
30
42
156
24
1
197
16
27
38
92
63
102
32
96
100
17
44
133
10
178
71
67
120
98
51
191
90
