3
70
161
13
126
132
169
65
188
6
150
192
147
115
178
10
133
44
17
100
63
102
32
135
131
125
90
191
71
67
120
51
98
116
121
112
19
151
198
156
24
1
197
16
38
27
42
30
117
193
31
54
164
73
136
105
190
80
46
162
175
78
142
45
5
7
177
123
25
171
157
138
182
139
11
49
33
160
39
29
12
0
109
35
37
41
111
144
56
104
8
68
82
58
87
21
61
79
91
141
97
77
81
153
186
163
89
165
127
137
114
103
26
180
176
88
194
166
86
110
128
124
106
119
159
143
62
18
55
181
95
185
22
179
52
172
57
66
94
154
47
148
60
23
20
59
28
101
149
4
199
140
183
174
53
184
155
167
189
145
15
