112
121
116
98
51
120
67
71
191
90
125
131
135
32
102
63
100
17
44
133
10
178
115
147
192
150
6
188
65
169
132
13
126
195
145
15
3
161
70
84
155
184
167
189
69
29
39
12
0
109
35
37
111
41
119
159
143
106
124
128
62
18
55
174
183
140
199
4
149
101
28
59
20
23
60
148
47
154
94
66
57
172
52
179
22
185
95
110
86
166
194
88
176
180
26
103
89
127
165
163
186
153
81
14
50
58
77
97
141
91
79
61
21
87
82
68
8
104
56
144
160
33
49
11
139
182
138
157
171
25
123
177
7
5
45
142
78
175
162
46
80
190
105
136
73
164
31
54
193
117
198
30
156
42
27
38
16
197
1
24
151
19
