38
27
16
42
156
24
197
1
131
125
90
191
71
67
120
51
98
116
121
112
19
151
198
30
117
193
31
54
164
73
136
105
190
80
46
162
175
78
142
45
5
7
61
79
91
141
97
77
58
82
87
21
177
123
25
171
157
104
56
8
68
111
41
143
159
119
153
186
163
89
165
127
137
114
103
26
180
176
88
194
166
86
110
128
124
62
18
55
174
183
140
199
9
95
185
22
179
52
172
57
66
94
154
47
148
60
23
20
59
28
101
149
4
53
184
155
167
189
69
109
35
0
12
29
39
160
33
49
11
138
182
139
2
43
126
13
145
15
3
70
161
132
169
65
188
6
150
192
147
115
178
10
133
44
17
100
63
102
