194
88
176
180
26
103
89
127
165
163
186
153
81
77
58
82
87
91
79
61
7
177
123
25
158
116
121
112
19
151
54
31
164
73
136
45
142
78
175
162
46
80
190
105
193
117
198
30
42
156
24
1
197
16
27
38
102
63
100
17
44
133
10
178
191
90
125
51
98
120
67
71
147
192
150
6
188
65
169
132
13
126
195
145
15
3
161
70
84
155
184
167
189
69
109
35
0
12
29
39
160
33
49
11
139
182
138
157
171
104
56
8
68
111
41
119
159
143
106
124
128
62
18
55
174
183
140
199
4
149
101
28
59
20
23
60
148
47
154
94
66
57
172
52
179
22
185
95
110
86
166
