95
185
22
179
52
172
57
66
94
154
47
148
60
23
20
59
28
101
149
4
199
140
183
174
55
18
62
128
124
106
143
159
119
41
111
68
8
104
56
144
160
33
49
29
39
12
0
35
109
69
189
167
184
155
84
70
161
3
15
145
195
126
13
132
169
65
188
6
150
192
147
115
178
10
133
44
17
100
63
102
32
135
131
125
90
191
71
67
120
51
98
85
2
139
11
182
138
157
171
177
123
25
158
116
121
112
19
151
24
1
197
16
38
27
42
156
30
198
117
193
54
31
164
73
136
105
190
80
46
162
175
78
142
45
5
7
61
79
91
87
82
58
77
81
153
186
163
165
127
89
103
26
180
176
88
194
166
86
110
