23
20
59
28
101
149
4
199
140
183
174
95
130
22
185
86
110
128
124
62
18
55
34
170
152
53
184
155
167
189
145
15
3
70
161
13
126
132
169
65
188
6
150
192
147
115
178
10
133
44
17
100
63
102
38
27
16
197
1
24
156
42
30
198
117
193
105
190
80
46
162
175
78
142
45
136
73
164
31
54
151
19
112
121
131
125
90
191
71
67
120
51
98
116
158
25
123
177
7
61
79
91
141
97
77
58
50
14
41
111
144
56
104
8
68
82
87
171
157
138
182
139
11
49
33
160
39
29
12
0
109
35
143
159
119
153
186
163
89
165
127
137
114
103
26
180
176
88
194
166
52
179
172
57
66
94
154
47
148
60
