121
112
19
131
125
90
191
178
10
133
44
17
100
63
102
38
27
16
197
1
24
156
42
30
198
117
151
54
31
193
164
73
136
105
190
80
46
162
175
78
142
45
5
123
25
171
177
7
61
79
91
87
82
58
77
81
153
186
163
165
127
89
103
26
113
194
88
176
180
129
119
159
143
106
124
128
110
86
95
185
22
179
52
172
57
66
94
154
47
148
60
23
20
59
28
101
149
4
199
140
183
174
55
18
62
34
170
152
53
184
155
167
189
69
29
39
12
0
109
35
37
41
111
68
8
104
56
144
160
33
49
11
138
182
139
2
43
126
13
145
15
3
70
161
132
169
65
188
6
150
192
147
71
67
120
51
98
116
