2
85
98
51
120
67
71
147
192
150
6
188
65
169
132
13
126
195
145
15
3
161
70
84
155
189
167
184
53
4
149
101
28
59
199
140
183
174
55
18
62
181
95
185
22
148
47
154
94
66
57
172
179
52
48
76
75
137
114
127
165
89
163
103
26
180
176
88
194
166
86
110
128
124
106
143
159
119
186
153
81
77
58
82
87
91
79
61
7
5
45
142
78
175
162
46
80
190
105
136
73
164
193
31
54
151
117
198
30
42
156
24
1
197
16
27
38
102
63
100
17
44
133
10
178
191
90
125
131
19
112
121
116
158
25
123
177
171
157
104
56
8
68
111
41
37
35
109
0
12
29
39
160
33
49
11
138
182
139
