15
3
70
161
132
13
126
169
65
188
6
150
192
147
115
178
10
133
44
17
100
122
131
125
90
191
71
67
120
51
98
118
74
85
2
139
11
49
29
109
35
0
12
39
160
33
138
182
157
171
25
158
116
121
112
19
151
117
198
156
24
1
197
16
38
27
42
30
193
54
31
164
73
136
105
190
80
46
162
175
78
142
45
5
123
177
7
61
79
91
87
104
56
8
68
82
58
77
50
111
41
159
143
124
106
119
153
186
129
180
176
88
194
113
26
103
163
89
165
127
114
137
75
76
48
166
52
172
179
22
57
66
94
154
47
148
20
59
28
101
149
4
199
140
183
174
55
18
62
34
170
152
53
184
155
167
189
145
