35
37
111
68
8
56
104
157
171
177
7
61
79
91
87
82
58
77
50
14
41
143
159
119
153
186
163
89
165
127
137
114
103
26
180
176
88
194
166
86
110
128
124
62
18
55
174
183
140
199
9
95
130
22
179
52
172
57
66
94
154
47
148
60
23
20
59
28
101
149
4
53
184
167
189
155
84
70
161
3
15
145
195
126
13
132
169
65
188
6
150
192
147
71
67
120
51
125
90
191
178
10
133
44
17
100
63
96
32
102
38
27
16
197
1
24
156
42
30
198
117
151
54
193
31
164
73
136
105
190
80
46
162
175
78
142
45
5
123
25
158
112
19
121
116
98
118
74
85
2
139
182
138
11
49
33
160
39
29
12
0
109
