178
191
120
67
71
147
192
150
6
188
65
169
132
126
13
145
15
3
161
70
84
155
184
53
174
183
140
4
149
101
28
199
59
20
148
47
154
94
66
57
172
52
179
22
185
95
86
110
128
62
18
55
34
167
189
69
109
35
0
12
29
39
160
33
49
11
139
182
138
157
104
56
8
68
111
41
119
159
143
106
124
64
176
180
88
194
114
137
127
165
89
103
26
163
186
153
81
77
58
82
87
91
79
61
7
177
171
25
123
5
45
142
78
175
162
46
80
190
105
136
73
164
31
54
193
196
42
156
16
27
38
197
1
24
198
30
117
151
19
112
121
116
98
51
125
90
122
32
102
63
100
17
44
133
10
