124
62
128
110
86
166
194
88
176
180
26
103
89
127
165
163
186
153
119
41
111
50
77
97
141
91
79
61
7
142
78
175
162
46
80
190
105
136
45
5
123
177
171
87
58
82
68
8
104
56
144
160
33
49
11
138
182
139
168
195
13
126
43
2
85
74
118
98
51
120
67
71
191
90
125
131
121
112
19
151
54
31
73
164
193
117
198
30
42
156
24
1
197
16
27
38
102
63
100
17
44
133
10
178
115
147
192
150
6
188
65
169
132
161
70
145
15
3
84
155
184
53
4
149
101
28
199
59
20
23
60
148
47
154
94
66
57
172
52
179
22
185
95
9
140
183
174
55
34
167
189
69
109
35
0
29
39
12
37
143
159
106
