12
0
35
109
69
189
167
155
184
53
152
170
34
55
18
62
83
174
183
140
199
4
149
101
28
59
20
23
60
148
47
154
94
66
57
172
52
179
22
130
95
86
110
128
124
106
143
159
119
129
180
176
88
194
166
48
76
75
137
114
26
103
89
127
165
163
186
153
81
77
97
141
91
79
61
7
5
45
142
78
175
162
46
80
190
105
136
73
164
193
31
54
151
117
198
30
42
156
24
1
197
16
27
38
102
63
100
17
44
133
10
178
90
125
191
71
67
120
51
98
116
121
112
19
158
25
123
177
171
87
82
58
50
14
41
111
68
8
104
56
144
160
33
49
11
138
182
2
85
192
150
6
188
65
169
132
161
70
3
15
145
13
126
195
29
39
