124
106
143
159
119
41
37
35
12
39
29
0
109
69
189
167
184
155
84
3
15
145
70
161
65
188
169
132
13
126
195
49
33
160
144
56
8
104
138
11
139
182
157
171
25
123
177
5
45
136
73
164
31
54
151
19
112
121
131
90
191
71
67
120
125
51
98
118
74
2
85
6
150
192
147
115
178
10
133
44
17
100
63
102
38
27
16
197
1
24
156
42
30
198
117
193
105
190
80
46
162
142
175
78
7
61
79
91
87
58
82
68
111
50
77
81
153
186
163
165
127
89
103
26
180
176
88
194
166
52
179
172
57
66
22
185
86
110
95
9
148
20
59
28
101
149
4
199
140
183
174
55
18
62
128
