8
56
104
157
171
177
123
25
158
116
51
98
85
2
43
126
13
132
169
65
188
6
150
192
147
71
67
120
125
90
191
178
10
133
44
17
100
63
102
32
135
131
121
112
19
151
24
1
197
16
38
27
42
156
30
198
117
193
54
31
164
73
136
105
190
80
46
162
175
78
142
45
5
7
21
87
82
58
61
79
91
141
97
77
81
153
186
163
103
89
165
127
137
114
26
113
88
176
180
129
119
159
143
106
124
62
128
110
86
194
166
52
172
57
179
22
185
95
9
199
148
60
23
20
59
28
101
149
4
140
183
174
55
34
170
152
53
184
155
167
189
3
70
161
15
145
195
168
139
11
182
138
33
160
49
29
39
12
0
109
35
37
41
111
68
