111
68
144
56
104
8
82
87
21
177
123
5
136
73
164
193
31
54
151
117
198
30
156
24
1
197
16
38
27
42
196
105
190
80
46
162
45
142
175
78
7
61
79
91
58
77
81
153
186
163
165
127
89
103
26
114
137
75
76
48
166
194
88
176
180
129
119
159
143
106
124
128
110
86
95
185
22
179
52
172
57
66
94
154
47
148
9
199
59
28
101
149
4
140
183
174
55
18
62
34
69
189
167
184
155
84
3
70
161
15
145
13
126
132
169
65
188
6
150
192
85
2
74
118
98
51
125
90
191
178
10
133
44
17
100
122
131
121
112
19
158
25
171
157
138
182
139
11
49
33
160
39
29
12
0
109
35
37
41
