157
171
25
123
173
151
19
112
121
116
98
51
120
67
71
191
125
90
178
10
133
44
17
100
63
102
38
27
16
197
1
24
156
42
30
198
117
193
54
31
164
73
136
105
190
80
46
162
175
78
142
45
5
177
7
61
79
91
87
8
68
111
41
14
50
82
58
77
81
153
186
165
127
89
163
129
119
159
143
106
124
128
62
18
55
174
183
140
9
95
110
86
88
176
180
103
26
113
194
166
52
172
57
179
22
66
94
154
47
148
60
23
20
59
199
28
101
149
4
53
184
155
167
189
69
109
35
0
12
39
29
49
11
139
43
126
195
145
15
3
70
161
13
132
169
65
188
6
150
192
85
2
182
138
33
160
144
56
104
