127
89
103
26
114
137
75
76
48
166
194
88
180
176
86
110
95
130
22
179
52
172
57
66
94
154
47
148
60
23
20
59
28
101
149
4
199
140
183
174
53
152
170
34
55
18
62
128
124
106
143
159
119
41
14
50
58
82
87
171
157
104
56
8
68
111
144
160
33
49
29
39
12
0
35
109
69
189
167
184
155
84
70
161
3
15
145
195
126
13
132
169
65
188
6
150
192
85
2
139
11
138
182
25
158
19
112
121
116
98
51
120
67
71
191
125
90
178
10
133
44
17
100
63
102
38
27
16
197
1
24
156
42
30
198
117
151
54
31
193
164
73
136
105
190
80
46
162
175
78
142
45
5
123
177
7
61
79
91
141
77
97
153
186
163
165
