156
24
1
197
16
27
38
102
32
96
63
100
17
44
133
10
178
90
191
51
120
67
71
147
192
150
6
188
65
169
132
161
70
3
84
155
184
53
174
183
140
4
149
101
28
199
59
20
148
47
154
94
66
22
179
57
172
52
166
194
88
176
180
26
103
127
165
89
163
186
153
81
14
41
111
68
144
56
104
8
87
82
58
77
97
141
91
79
61
7
142
78
175
46
162
45
5
123
177
171
25
182
138
11
49
33
160
39
29
12
0
109
35
143
159
119
106
124
128
110
62
18
55
34
69
167
189
15
145
13
126
195
168
43
2
85
98
116
112
19
121
125
131
151
54
31
164
73
136
105
193
117
198
30
42
