55
18
62
128
124
106
119
159
143
35
109
0
12
39
29
69
189
167
184
155
84
70
161
3
15
145
195
126
13
132
169
65
188
6
150
192
147
71
67
120
51
98
118
74
85
2
139
182
138
11
49
33
160
144
56
104
157
171
177
123
25
158
116
121
112
19
131
125
90
191
178
10
133
44
17
100
63
102
38
27
16
197
1
24
156
42
30
198
117
151
54
31
193
164
73
136
105
190
80
46
162
175
78
142
45
5
7
61
79
91
141
97
77
58
82
87
8
68
111
41
14
81
153
186
163
89
165
127
137
114
103
26
180
176
88
194
166
86
110
95
130
22
179
52
172
57
66
94
154
47
148
60
23
20
59
28
101
149
4
199
140
183
174
53
152
170
34
