131
121
112
19
151
117
198
30
42
156
24
1
197
16
27
38
102
63
100
17
44
133
10
178
115
147
192
150
6
85
2
139
11
168
195
126
188
65
169
132
13
145
15
161
70
3
84
155
184
53
4
149
101
28
59
20
23
60
148
47
154
94
66
57
172
52
179
22
9
199
140
183
174
95
86
110
128
124
62
18
55
34
167
189
69
109
35
0
12
29
39
160
49
33
144
111
41
143
159
119
129
180
176
88
194
113
26
103
89
127
165
163
186
153
81
77
58
91
79
61
21
87
82
68
8
56
104
157
171
177
7
5
45
142
78
175
46
162
136
105
193
54
31
164
73
173
123
25
138
182
74
118
98
51
120
67
71
191
90
125
