140
199
4
149
101
28
59
20
23
60
148
47
154
94
66
57
172
52
179
22
130
95
110
86
166
194
88
176
180
26
103
114
137
127
165
89
163
186
153
97
77
141
91
79
61
7
177
123
5
45
142
78
175
162
46
80
190
105
136
73
164
31
193
54
151
117
198
30
42
156
24
1
197
16
27
38
102
63
100
17
44
133
10
178
191
90
125
131
19
112
121
116
158
25
182
138
33
160
49
11
139
2
85
74
118
98
51
120
67
71
147
192
150
6
188
65
169
132
13
126
195
145
15
3
161
70
84
155
184
167
189
69
29
39
12
0
109
35
37
41
111
68
8
56
104
157
171
87
82
58
50
14
81
119
159
143
106
124
128
62
18
55
34
170
152
53
174
183
