155
102
49
32
138
39
27
107
90
165
8
185
119
40
174
187
81
169
196
17
157
188
56
113
171
88
16
13
31
168
91
179
145
78
25
44
120
82
2
87
125
74
152
1
150
101
97
26
100
19
189
99
121
182
136
53
158
180
154
6
173
63
94
130
12
124
111
167
148
37
33
9
62
61
15
186
23
137
176
66
141
51
109
60
118
72
59
116
65
47
149
131
11
35
126
29
156
112
4
190
10
177
104
147
54
30
48
160
184
28
166
77
105
5
96
41
193
159
195
103
146
22
20
18
69
108
67
163
110
191
139
198
46
68
140
93
117
0
170
143
183
89
83
114
64
144
