173
6
194
161
162
72
59
116
65
47
105
77
166
28
184
11
35
126
29
156
112
4
190
10
177
104
147
54
30
48
160
192
181
103
146
195
159
163
69
108
67
36
140
93
68
46
198
139
110
191
193
41
96
115
60
118
109
51
141
66
176
12
130
137
23
76
183
89
83
114
64
73
132
144
155
14
138
8
185
40
119
165
39
95
7
164
58
71
27
107
90
187
81
174
169
196
17
157
188
56
13
31
168
145
78
25
44
120
82
92
179
91
55
52
106
178
3
32
49
102
61
62
9
33
37
148
167
111
124
94
63
136
182
99
189
19
152
74
125
87
1
150
101
97
26
100
121
53
158
180
