74
152
97
26
100
19
189
99
121
53
158
180
136
182
63
80
176
66
141
51
109
72
162
161
24
29
156
126
112
4
84
11
184
104
147
54
30
48
160
192
28
166
77
105
116
65
59
118
60
46
198
115
96
41
193
159
195
103
146
22
20
18
69
108
67
163
36
140
93
117
170
0
153
183
89
76
23
186
114
64
15
61
62
9
33
37
148
111
167
128
49
102
144
155
14
138
32
3
178
106
185
40
119
8
165
39
95
7
164
58
71
27
107
90
174
187
81
169
196
17
157
188
56
113
171
88
16
13
31
168
78
145
179
91
52
55
57
92
82
44
120
75
150
101
1
87
125
