105
116
65
59
118
72
109
51
66
141
60
46
198
139
110
191
193
41
96
5
42
28
184
190
10
177
104
147
54
30
48
160
192
181
103
146
195
159
199
18
69
108
67
163
36
140
93
117
170
0
153
183
89
76
23
186
114
64
15
61
9
62
102
155
144
132
21
7
164
58
95
39
165
8
185
40
119
174
187
81
169
196
17
157
188
85
31
13
56
113
171
88
16
25
44
120
82
78
168
145
179
91
55
52
106
178
3
32
138
49
128
167
111
124
12
130
94
189
19
152
74
125
87
1
150
101
97
26
100
99
121
182
136
53
158
180
173
6
194
161
24
29
156
126
112
4
84
11
166
77
