36
163
67
108
69
18
20
22
146
103
195
159
193
41
96
5
42
192
160
48
30
54
147
104
177
10
190
184
28
166
11
84
4
112
126
156
29
24
149
131
77
105
47
65
116
59
118
60
141
66
51
109
72
162
161
194
6
173
180
158
53
136
182
121
99
189
19
100
26
101
150
1
97
152
74
125
87
2
120
44
82
129
172
111
167
128
3
178
106
52
55
91
179
145
78
168
31
13
16
88
171
113
56
188
157
17
196
81
187
174
169
40
119
185
8
165
39
90
107
27
71
58
164
7
21
138
32
49
102
155
144
61
62
9
15
64
114
186
23
76
89
183
143
170
0
117
93
140
