1
97
152
74
125
172
55
52
106
178
3
128
167
111
33
37
148
12
130
124
94
19
189
99
121
26
100
53
158
180
136
182
63
133
173
6
194
127
29
156
126
112
4
84
11
35
24
161
162
45
151
176
66
141
60
109
51
72
118
59
65
116
105
77
166
28
184
104
147
54
30
48
160
192
181
159
193
41
191
139
110
163
69
108
67
36
140
93
117
0
170
143
183
89
76
23
186
114
64
15
9
62
61
144
155
102
49
32
138
8
185
40
119
165
39
95
7
164
58
71
27
107
90
174
187
81
98
188
56
13
171
88
16
31
168
157
17
196
169
91
179
145
78
82
44
120
2
87
150
101
