167
111
152
74
125
87
129
92
179
91
55
52
106
178
3
32
49
102
144
155
14
138
39
95
7
164
58
71
27
107
90
165
8
185
119
40
174
187
81
169
196
17
157
188
56
113
171
88
16
13
31
168
145
78
82
44
120
75
150
101
1
97
26
100
19
189
99
121
182
136
53
158
180
173
6
194
127
29
156
126
112
4
190
10
177
104
147
54
30
48
160
184
28
166
11
35
24
149
131
47
65
116
105
77
43
42
5
96
41
193
159
199
18
69
108
67
163
110
191
139
198
46
68
140
93
117
170
0
153
183
89
76
23
137
176
66
141
51
109
60
118
59
72
162
161
133
63
94
124
130
12
148
37
33
15
114
64
61
62
9
128
