23
186
114
64
15
9
62
61
144
155
21
7
164
58
71
27
107
90
39
165
8
185
119
40
174
187
81
169
196
17
157
188
56
13
31
168
78
145
179
91
55
52
106
178
3
32
138
49
128
167
111
124
12
130
94
189
19
152
74
125
87
150
101
1
97
26
100
99
121
182
136
53
158
180
154
6
173
133
80
176
66
141
51
109
72
162
161
194
127
29
156
126
112
4
190
10
177
104
147
54
30
48
160
192
181
103
146
195
159
193
41
96
5
116
65
47
105
77
166
28
184
11
35
24
131
149
59
118
60
46
68
163
69
108
67
36
140
93
117
0
170
143
183
89
76
