133
63
182
136
180
158
53
121
99
189
94
130
12
124
19
100
26
101
150
1
97
152
74
125
87
2
120
44
82
129
172
111
148
37
33
167
128
3
178
106
52
55
91
179
145
168
78
16
88
171
113
56
13
31
85
188
157
17
196
169
81
187
174
40
119
185
8
165
90
107
27
39
138
32
49
102
155
144
61
62
9
15
64
114
186
23
76
89
183
153
0
170
117
93
140
68
46
198
139
191
110
163
67
108
69
18
20
22
146
103
195
159
193
41
96
5
42
166
11
184
28
192
160
48
30
54
147
104
177
10
190
4
112
126
156
29
24
149
131
77
105
116
65
59
118
60
141
66
51
109
72
162
161
