180
173
161
162
72
51
109
60
118
59
116
5
96
41
193
115
46
198
139
191
110
163
67
108
69
18
199
159
195
146
103
181
192
160
48
30
54
147
104
184
28
11
166
77
105
65
47
131
149
24
4
112
126
156
29
127
194
6
154
158
53
136
182
121
99
100
26
101
150
1
97
19
189
94
130
12
124
152
74
125
87
129
92
179
91
145
168
78
82
120
44
25
16
88
171
113
56
13
31
85
188
157
17
196
169
81
187
174
40
119
185
8
165
39
95
58
164
7
21
132
144
155
14
138
32
49
102
62
9
61
15
64
114
186
23
89
183
76
137
141
66
176
80
63
