15
64
114
186
23
76
89
183
143
170
0
117
93
140
68
46
60
118
59
65
116
105
47
149
131
77
43
42
5
96
115
198
139
110
191
41
193
159
195
146
103
181
192
160
48
30
54
147
104
184
28
166
11
84
4
112
126
156
29
127
70
6
154
158
53
180
173
194
161
162
72
109
51
141
66
176
80
63
136
182
94
130
12
124
19
189
99
121
100
26
101
150
1
97
152
74
125
87
2
82
120
44
25
16
88
171
113
56
13
31
85
188
98
81
187
174
40
119
165
8
185
169
196
17
157
168
78
145
179
91
55
52
106
178
3
32
138
14
155
144
61
62
9
37
33
167
111
148
