185
8
106
178
3
32
138
21
7
164
58
95
39
165
119
40
174
187
81
169
196
17
157
188
56
13
31
168
145
78
25
44
120
82
2
87
125
74
152
97
1
150
101
26
100
19
189
99
121
53
158
180
154
6
173
136
182
63
80
176
66
51
109
141
60
118
59
116
105
77
47
65
72
162
161
194
127
29
156
126
112
4
190
10
177
104
147
54
30
48
184
11
166
28
160
192
181
103
146
22
20
18
108
67
163
69
199
159
193
41
191
139
110
68
140
93
117
170
0
153
183
89
76
23
186
114
64
15
61
62
9
33
37
148
12
130
94
124
111
167
128
52
55
179
91
