168
78
145
179
91
169
196
81
187
174
40
119
185
8
106
178
3
128
167
111
148
37
33
9
62
61
144
155
102
49
32
138
165
39
90
107
27
71
58
164
7
21
132
73
64
114
186
23
137
141
60
46
198
139
191
110
68
93
140
36
163
67
108
69
18
20
22
146
103
195
159
193
41
96
5
42
192
160
48
30
54
147
104
184
28
43
105
116
65
47
77
166
11
84
4
112
126
156
29
127
70
6
194
161
162
72
59
118
109
51
66
176
80
63
182
136
180
158
53
121
99
189
19
100
26
101
150
1
97
152
74
125
87
2
82
120
44
25
16
88
171
113
56
13
31
85
188
157
