196
42
156
24
1
197
16
27
38
102
32
135
131
151
198
30
117
193
164
73
31
54
19
112
121
125
90
191
120
67
71
178
133
44
10
115
147
192
150
6
188
65
169
132
126
13
145
15
161
70
3
189
167
155
184
53
140
199
4
149
101
28
59
20
148
47
154
94
66
57
172
52
179
22
185
95
174
55
18
62
124
128
110
86
166
194
88
176
180
26
103
89
127
165
163
186
153
119
159
143
35
109
0
12
29
39
160
49
33
104
56
144
111
41
14
50
77
58
82
68
8
87
91
79
61
7
177
171
157
138
182
11
139
2
85
98
51
116
158
25
123
5
78
175
142
45
162
46
80
190
136
105
