154
94
66
57
172
52
179
22
185
95
9
199
140
183
174
55
34
167
189
69
143
159
119
106
124
62
128
110
86
166
194
88
176
180
26
103
89
127
165
163
186
153
81
77
58
82
87
91
79
61
7
177
123
5
45
142
78
175
162
46
80
190
105
136
73
164
193
31
54
151
117
198
30
42
156
24
1
197
16
27
38
102
63
100
17
44
133
10
178
191
90
125
51
98
116
121
112
19
158
25
171
157
104
56
8
68
111
41
37
35
109
0
12
29
39
160
33
49
11
138
182
139
2
85
192
150
6
188
65
169
132
126
13
145
15
3
161
70
84
155
184
53
4
149
101
28
59
20
23
60
148
47
