86
95
185
22
179
52
172
57
66
94
154
47
148
20
59
28
101
149
4
199
140
183
174
55
34
170
152
53
184
155
167
189
3
70
161
15
13
132
169
65
188
6
150
192
147
71
67
120
125
90
191
178
10
133
44
17
100
63
102
38
27
16
197
1
24
156
42
30
198
117
193
105
136
162
46
45
142
175
78
5
7
61
79
91
177
123
25
158
173
73
164
31
54
151
19
112
121
116
51
98
85
2
43
126
195
145
69
109
35
0
12
29
39
160
33
49
11
139
182
138
157
171
87
8
104
56
144
111
41
68
82
58
77
97
146
187
165
127
89
103
26
113
194
88
176
180
163
186
153
119
159
143
106
124
62
128
110
