88
176
180
26
103
89
127
165
163
186
153
81
77
97
141
91
79
61
58
50
14
41
111
68
8
82
87
171
25
123
177
7
5
78
175
142
45
162
46
80
190
105
136
73
164
31
54
151
193
117
198
30
42
156
24
1
197
16
27
38
102
63
100
17
44
133
10
178
191
90
125
131
121
116
51
98
85
2
139
11
182
138
157
104
56
144
160
33
49
29
39
12
0
35
109
69
167
189
3
15
145
13
126
132
169
188
6
192
150
65
161
70
84
155
184
53
152
170
34
55
18
62
124
128
181
174
183
140
4
149
101
28
199
59
20
23
60
148
47
154
94
66
57
172
52
179
22
185
95
110
86
166
194
