124
128
110
86
88
176
180
26
103
163
89
165
127
137
114
194
166
52
172
179
22
57
66
94
154
47
148
20
59
199
28
101
149
4
140
183
174
55
18
62
34
170
152
53
184
155
84
3
70
161
132
169
65
188
6
150
192
147
71
67
120
125
90
191
178
10
133
44
17
100
63
102
38
27
16
197
1
24
156
42
30
198
117
151
54
31
73
164
193
105
136
162
46
175
78
142
45
5
7
177
123
171
25
158
19
112
121
116
51
98
85
2
182
138
33
160
49
11
139
168
195
126
13
145
15
189
167
69
109
35
0
29
39
12
37
41
111
68
144
56
104
8
87
82
58
77
81
153
186
119
159
143
106
