176
180
88
194
166
52
179
172
57
66
94
154
47
148
22
9
199
59
28
101
149
4
140
53
184
155
167
189
3
70
161
15
145
13
126
132
169
65
188
6
150
192
147
115
178
10
133
44
17
100
63
102
38
27
16
197
1
24
156
42
30
198
117
193
105
190
80
46
162
175
78
142
45
136
73
164
31
54
151
19
112
131
90
191
71
67
120
98
51
125
121
116
158
25
123
177
171
87
8
104
56
144
160
33
138
182
139
11
49
29
39
12
0
109
35
37
111
68
82
58
77
97
146
187
165
127
89
103
26
163
186
153
81
14
41
119
159
143
106
124
128
62
18
55
174
95
110
86
