89
127
165
163
186
153
81
77
58
82
87
91
79
61
7
5
45
142
78
175
162
46
80
190
105
136
73
164
31
54
193
117
30
156
42
16
27
38
197
1
24
198
151
173
123
177
171
157
104
56
8
68
144
160
33
49
11
138
182
25
158
116
121
112
19
131
125
90
191
71
67
120
51
98
118
74
2
85
192
150
6
188
65
169
132
13
126
195
145
15
161
70
3
189
167
69
109
35
0
29
39
12
37
111
41
119
159
143
106
124
62
18
55
83
128
110
86
95
174
183
140
199
4
149
101
28
59
20
23
60
148
47
154
94
66
22
179
57
172
52
166
194
88
176
180
26
103
