13
161
70
3
15
145
195
126
43
139
11
49
160
39
29
12
0
35
109
69
189
167
155
184
170
34
55
18
62
124
128
110
86
95
183
140
174
53
4
149
101
28
59
199
9
22
179
57
172
52
166
194
88
176
180
26
103
89
127
165
163
186
153
97
77
81
119
159
143
41
111
50
58
82
68
8
104
56
144
33
138
182
25
158
116
121
112
19
151
54
31
164
73
173
123
177
171
87
91
79
61
7
5
78
175
142
45
162
46
80
190
105
136
193
117
198
30
42
156
24
1
197
16
27
38
102
63
100
17
44
133
10
178
90
125
191
71
67
120
51
98
118
74
2
85
192
150
6
188
65
169
132
