4
199
140
183
174
53
184
155
84
70
161
3
15
145
13
126
195
69
189
167
34
55
18
62
128
124
106
143
159
119
41
111
37
35
109
0
12
39
29
49
11
139
43
169
65
188
6
150
192
85
2
74
118
98
51
120
67
71
125
90
191
178
10
133
44
17
100
63
102
38
27
16
197
1
24
156
42
30
198
131
121
112
19
151
117
193
31
54
164
73
136
105
190
80
46
162
175
78
142
45
5
7
177
123
25
182
138
33
160
144
56
68
8
104
157
171
87
82
58
77
81
153
186
129
180
176
88
113
26
103
163
89
165
127
137
114
194
166
86
110
95
185
22
179
52
172
57
66
94
154
47
148
60
23
20
59
28
101
149
