77
58
87
82
68
8
56
104
157
171
25
123
177
91
79
61
7
5
78
175
142
45
162
46
80
190
105
136
73
164
54
31
193
117
30
156
42
16
27
38
197
1
24
198
151
19
112
121
131
135
32
102
63
100
17
44
133
10
178
90
125
191
71
67
120
51
98
85
2
134
192
150
6
188
65
169
132
161
70
3
15
145
13
126
195
168
139
11
182
138
33
160
49
29
39
12
0
109
35
37
111
41
119
159
143
106
124
128
62
18
55
174
183
140
199
4
149
101
28
59
20
148
47
154
94
66
57
172
52
179
22
185
95
110
86
166
48
76
75
137
114
127
165
89
103
26
113
194
88
176
180
163
186
153
81
