125
90
191
120
67
71
147
192
150
6
188
65
169
132
13
126
195
168
43
2
139
11
49
33
138
182
157
104
56
144
160
39
29
12
0
35
109
69
167
189
145
15
3
161
70
84
155
184
53
152
170
34
124
128
62
18
55
174
183
140
4
149
101
28
59
199
9
148
47
154
94
66
57
172
52
179
22
185
95
86
110
64
176
180
88
194
113
26
103
89
127
165
163
186
153
81
77
58
82
68
8
87
91
79
61
7
78
175
142
46
162
45
5
123
177
171
25
158
112
19
151
54
164
73
136
105
193
31
117
198
30
42
156
24
1
197
16
27
38
102
32
135
131
121
116
98
51
