120
125
51
98
116
121
112
19
151
198
24
1
197
38
27
16
42
156
30
117
193
54
31
164
73
136
105
190
80
46
162
175
78
142
45
5
7
61
79
91
58
82
87
21
177
123
25
171
157
104
8
68
144
56
138
182
139
11
49
33
160
39
29
12
0
109
35
37
41
111
50
77
97
146
187
165
127
89
103
26
163
186
153
119
159
143
106
124
62
18
55
83
128
110
86
176
180
88
194
166
52
179
172
57
66
94
154
47
148
22
185
95
9
199
59
28
101
149
4
140
183
174
53
184
155
167
189
3
70
161
15
145
13
126
132
169
65
188
6
134
2
85
150
192
147
115
178
10
133
44
17
100
63
102
32
122
90
191
71
67
