172
57
66
94
154
47
148
22
130
95
174
183
140
199
59
28
101
149
4
53
184
155
167
189
69
109
35
0
12
39
29
49
11
33
160
144
111
41
68
82
87
8
56
104
138
182
157
171
25
74
85
2
43
168
195
126
13
145
15
3
70
161
132
169
65
188
6
150
192
147
71
67
120
51
98
116
121
131
125
90
191
178
10
133
44
17
100
63
96
32
102
38
27
16
197
1
24
156
42
30
198
117
151
54
31
193
164
73
136
105
190
80
46
162
175
78
142
45
5
123
177
7
61
79
91
58
77
81
153
186
163
89
165
127
103
26
113
194
88
176
180
129
119
159
143
106
124
62
18
55
83
128
110
86
185
179
52
