44
133
10
178
115
147
192
150
6
188
65
169
43
2
85
98
51
120
67
71
191
90
125
131
121
112
19
158
25
182
138
49
11
139
168
195
126
13
145
15
161
70
3
189
167
155
184
53
174
183
140
4
149
101
28
59
199
9
148
47
154
94
66
57
172
179
52
166
194
113
26
103
114
137
127
165
89
163
186
153
129
180
176
88
86
185
22
130
95
110
128
124
62
18
55
34
69
109
35
0
29
39
12
37
143
159
119
41
111
68
144
160
33
56
104
8
82
58
87
171
123
177
91
79
61
7
5
45
142
78
175
162
46
80
190
105
136
73
164
193
31
54
151
117
198
30
42
156
24
1
197
16
27
38
102
63
100
17
