17
100
63
102
38
27
16
197
1
24
156
42
30
198
117
193
105
190
80
46
162
175
78
142
45
136
73
164
31
54
151
19
112
121
116
158
25
123
177
7
61
79
91
87
82
58
77
81
153
186
119
159
143
106
124
128
110
86
166
194
88
176
180
26
103
163
89
165
127
114
137
75
76
48
52
179
172
57
66
94
154
47
148
20
59
28
101
149
4
140
199
9
22
185
95
181
62
18
55
34
170
152
53
184
155
167
189
69
29
39
12
0
109
35
37
41
111
68
8
56
104
171
157
182
138
33
160
49
11
139
168
195
126
13
145
15
3
70
161
132
169
65
188
6
150
192
85
2
74
118
98
51
125
90
191
178
10
133
44
