102
38
27
16
197
1
24
156
42
30
198
117
193
105
190
80
46
162
142
175
78
7
177
61
79
91
87
82
58
77
81
153
186
163
165
127
137
114
89
103
26
180
88
194
166
86
95
185
22
179
52
172
57
66
94
154
47
148
60
23
20
59
28
101
149
4
199
140
183
174
55
18
62
124
128
110
64
176
129
119
159
143
41
111
68
8
56
104
157
171
25
123
5
45
136
73
164
31
54
151
19
112
121
131
125
90
191
71
67
120
51
98
85
2
139
182
138
11
49
33
160
39
29
12
0
35
109
69
189
167
184
155
84
70
161
3
15
145
13
126
132
169
65
188
6
150
192
147
115
178
10
133
44
17
100
63
