189
145
15
3
70
161
13
126
132
169
65
188
6
150
192
85
2
98
51
120
67
71
191
125
90
178
10
133
44
17
100
63
102
38
27
16
42
156
24
197
1
131
121
116
118
74
182
138
25
123
173
73
164
31
54
151
198
30
117
193
136
105
190
80
46
162
45
142
175
78
5
7
177
171
157
104
56
8
87
21
61
79
91
58
82
68
144
160
33
11
49
29
39
12
0
109
35
37
41
111
50
77
81
153
186
119
159
143
106
124
62
18
55
83
128
110
86
88
176
180
26
103
163
89
165
127
137
114
194
166
52
179
172
57
66
94
154
47
148
22
185
95
174
183
140
199
59
28
101
149
4
53
184
155
167
