184
53
152
170
34
55
174
183
140
199
4
149
101
28
59
20
148
47
154
94
66
57
172
52
179
22
185
95
181
83
18
62
124
128
110
86
166
194
88
176
180
26
103
89
114
137
127
165
163
186
153
119
159
143
41
111
68
144
56
104
8
82
58
87
91
79
61
7
177
123
5
78
175
142
45
162
46
80
190
105
136
73
164
54
31
193
117
30
156
42
16
27
38
197
1
24
198
151
19
112
121
131
135
32
102
63
100
17
44
133
10
178
191
90
125
51
98
116
158
25
171
157
138
182
139
11
49
33
160
39
29
12
0
35
109
69
167
189
15
145
13
126
6
192
150
188
65
169
132
161
70
3
84
155
