57
172
52
179
185
86
166
194
88
176
180
26
103
89
127
165
163
64
110
95
130
22
9
199
140
183
174
55
18
62
128
124
106
143
159
119
41
111
50
77
58
82
68
8
104
56
144
160
33
138
182
25
171
123
177
21
87
91
79
61
7
5
78
175
142
45
162
46
80
190
105
136
73
164
31
54
193
117
198
30
156
42
16
27
38
197
1
24
151
19
112
121
116
125
191
90
131
135
32
102
63
100
17
44
133
10
178
115
147
192
150
71
67
120
51
98
118
74
85
2
139
11
49
39
12
0
35
109
29
195
126
13
132
169
188
65
161
70
3
15
145
189
167
155
184
53
4
149
101
28
59
20
148
47
154
94
66
