35
109
69
170
152
53
184
155
167
189
3
70
161
15
145
13
126
132
169
65
188
6
150
192
43
139
11
49
160
33
138
182
2
85
98
51
120
67
71
191
125
90
178
10
133
44
17
100
63
102
38
27
16
197
1
24
156
42
30
198
117
151
54
31
193
164
73
136
105
190
80
46
162
175
78
142
45
5
7
177
123
25
171
87
8
104
56
144
68
82
58
61
79
91
141
97
77
81
153
186
163
165
127
89
103
26
180
176
88
194
166
86
110
95
185
22
179
52
172
57
66
94
154
47
148
20
59
199
28
101
149
4
140
183
174
55
18
62
128
124
106
143
159
119
41
111
37
12
39
29
0
