133
10
178
90
191
120
67
71
147
192
150
6
188
65
169
132
13
126
43
2
139
11
49
33
160
39
29
12
0
35
109
69
145
15
161
70
3
189
167
155
184
53
152
170
34
55
18
62
181
95
9
199
140
4
149
101
28
59
20
23
60
148
47
154
94
66
22
179
57
172
52
166
86
110
128
124
106
143
159
119
153
186
163
180
176
88
194
113
26
103
89
127
165
187
146
97
77
58
91
79
61
21
87
82
8
68
41
111
144
56
104
157
138
182
25
171
123
177
7
5
78
175
142
45
162
46
80
190
105
136
73
164
31
193
30
198
117
54
151
19
112
121
116
98
51
125
131
24
156
1
197
16
27
38
102
63
100
17
44
