197
16
27
38
102
63
100
17
44
133
10
178
191
90
125
51
98
85
2
139
182
138
11
49
33
160
39
29
12
0
109
35
37
41
119
159
143
106
124
128
110
62
18
34
167
189
69
195
126
13
132
169
188
6
192
150
65
161
70
145
15
3
84
155
184
53
4
149
101
28
59
199
140
183
174
55
181
95
130
22
148
47
154
94
66
57
172
52
179
185
86
166
194
88
176
180
26
103
89
127
165
163
186
153
81
77
58
82
8
68
111
144
56
104
157
171
87
91
79
61
7
177
123
25
158
116
121
112
19
151
54
31
164
73
136
45
142
78
175
162
46
80
190
105
193
117
198
30
42
156
24
1
