132
126
43
2
182
138
11
139
168
195
13
145
161
70
3
15
189
167
155
184
53
140
199
4
149
101
28
59
20
148
47
154
94
66
9
183
174
55
18
62
124
128
110
86
95
185
22
179
57
172
52
166
194
88
176
180
26
103
89
127
165
163
186
153
119
159
143
35
109
0
12
39
29
49
33
160
144
56
104
157
171
8
68
111
41
14
50
82
87
58
77
97
141
91
79
61
7
177
123
5
45
142
78
175
162
46
80
190
105
136
73
164
31
54
193
117
198
30
156
42
27
92
63
102
38
16
197
1
24
151
19
112
121
116
98
51
125
90
191
120
67
71
147
192
150
6
188
65
169
