30
42
156
24
1
197
16
27
38
102
63
100
17
122
32
135
131
19
112
121
116
125
90
44
133
10
178
191
71
67
120
51
98
118
74
2
85
192
150
6
188
65
169
132
126
13
161
70
3
15
145
189
167
69
34
55
18
62
124
128
110
86
95
185
22
9
199
140
4
149
101
28
59
20
148
47
154
94
66
57
172
179
52
166
194
88
176
180
26
103
127
165
89
163
186
153
81
77
58
82
68
111
41
37
35
109
0
12
39
29
49
11
139
182
138
33
160
144
56
104
8
87
91
79
61
171
25
123
177
7
5
78
175
142
45
162
46
80
190
105
136
73
164
193
31
54
151
117
198
