95
185
22
179
52
172
57
66
94
154
47
148
9
199
59
28
101
149
4
140
183
174
53
184
155
167
189
69
109
35
0
12
29
39
160
144
111
41
68
8
104
56
33
49
11
138
182
139
2
43
126
13
145
15
3
70
161
132
169
65
188
6
150
192
147
71
67
120
98
51
125
90
191
178
10
133
44
17
100
63
102
38
27
16
197
1
156
24
131
121
112
19
151
198
30
117
193
31
54
164
73
136
105
190
80
46
162
175
78
142
45
5
123
25
171
177
7
61
79
91
87
82
58
77
81
153
186
163
165
127
89
103
26
180
176
88
194
166
86
110
128
124
62
18
55
181
