103
26
113
194
88
176
180
129
81
14
50
111
41
119
159
143
106
124
128
110
62
18
55
174
183
9
95
185
22
179
52
172
57
66
94
154
47
148
20
59
28
101
149
4
199
140
53
184
155
84
3
70
161
65
188
169
132
13
126
195
145
15
189
167
69
109
35
0
12
29
39
160
144
56
104
157
182
138
33
49
11
139
2
85
74
118
98
51
120
67
71
191
90
125
116
121
131
135
32
102
38
27
16
197
1
24
156
42
30
198
117
151
54
31
193
164
73
136
105
190
80
46
162
175
78
142
45
5
7
177
123
25
171
8
68
82
87
58
77
97
153
186
163
89
165
127
