193
54
31
164
73
136
105
190
80
46
162
45
142
175
78
5
7
61
79
91
141
97
77
58
82
68
111
41
37
12
39
29
0
35
109
69
34
55
18
62
124
128
110
64
176
180
88
113
26
103
163
89
165
127
137
114
194
166
86
95
185
22
179
52
172
57
66
94
154
47
148
20
59
28
101
149
4
199
140
183
174
53
184
155
167
189
145
15
3
70
161
13
126
132
169
65
188
6
150
192
147
115
10
44
133
178
71
67
120
191
90
125
51
98
85
2
139
11
49
160
33
138
182
157
104
56
8
87
171
177
123
25
158
116
121
112
19
151
198
24
1
197
38
27
16
42
156
30
117
