59
28
101
149
4
199
140
183
174
53
184
167
189
155
84
70
161
3
15
145
13
126
132
169
65
188
6
150
192
147
115
10
44
133
178
191
90
125
131
1
197
38
27
16
42
196
105
136
162
46
45
142
175
78
5
7
177
123
25
173
73
164
31
54
193
117
30
156
24
198
151
19
112
121
116
51
120
71
67
98
85
2
139
182
138
11
49
33
160
39
29
12
0
109
35
37
41
111
68
8
56
104
157
171
87
82
58
77
81
153
186
163
165
127
89
103
26
114
137
75
76
48
166
194
88
180
176
86
110
128
124
62
18
55
181
95
185
22
179
52
172
57
66
94
154
47
148
20
