197
1
24
156
42
30
198
117
193
31
54
164
73
136
105
190
80
46
162
45
142
175
78
5
7
61
79
91
141
97
77
58
82
87
8
68
111
144
56
104
157
171
177
123
25
173
151
19
112
121
116
98
118
74
85
2
139
182
138
11
49
33
160
39
29
12
0
109
35
37
41
119
159
143
106
124
128
110
86
64
163
165
127
89
103
26
180
176
88
194
166
52
172
57
179
22
185
95
9
199
59
28
101
149
4
140
183
174
55
18
62
34
69
167
189
145
15
3
70
161
13
126
132
169
65
188
6
150
192
147
71
67
120
51
125
90
191
178
10
133
44
17
100
63
102
38
27
16
