73
164
193
31
54
151
117
198
30
42
156
24
1
197
16
27
38
102
63
100
17
44
133
122
131
121
125
90
191
71
67
120
51
98
116
158
25
182
138
33
49
11
139
2
85
192
150
6
188
65
169
132
126
13
145
15
3
161
70
84
155
189
167
184
53
152
170
34
55
18
62
124
128
110
181
174
183
140
4
149
101
28
59
199
9
95
130
22
148
47
154
94
66
57
172
52
179
185
86
166
194
88
176
180
26
103
89
127
165
163
186
153
81
77
58
82
8
68
111
41
37
35
109
0
12
29
39
160
144
56
104
157
171
123
177
21
87
91
79
61
7
5
78
175
142
45
162
46
80
190
105
136
