22
66
94
154
47
148
9
199
59
28
101
149
4
140
183
174
95
86
110
128
62
18
55
34
69
167
189
3
70
161
15
145
13
126
132
169
65
188
6
150
192
147
115
178
10
133
44
17
100
122
125
90
191
71
67
120
51
98
85
2
139
182
11
49
29
109
35
0
12
39
160
33
138
157
171
25
158
116
121
131
135
32
102
38
27
16
197
1
24
156
42
30
198
117
151
54
31
193
164
73
136
105
190
80
46
162
45
142
175
78
5
123
177
7
61
79
91
141
97
77
58
82
87
8
104
56
144
68
111
41
159
143
124
106
119
153
186
163
165
127
89
103
26
180
176
88
194
166
52
172
57
179
