31
193
117
30
42
156
24
198
151
19
112
121
116
98
118
74
2
85
51
120
67
71
191
90
125
131
1
197
16
27
38
102
63
100
17
44
133
10
178
115
147
192
150
6
188
65
169
132
126
13
161
70
3
15
145
189
167
69
34
55
170
152
53
174
183
140
4
149
101
28
59
199
9
95
185
22
148
47
154
94
66
57
172
179
52
166
194
88
113
26
103
127
165
89
163
180
176
86
110
128
62
124
106
119
159
143
35
109
0
12
29
39
160
33
49
11
139
182
138
104
56
144
68
111
41
14
50
77
58
91
79
61
21
87
82
8
157
171
25
123
177
7
5
45
142
78
175
162
46
80
190
105
136
73
164
54
