90
125
191
71
67
120
51
98
118
74
2
85
192
150
6
188
65
169
43
139
11
49
33
160
39
12
0
35
109
29
195
126
13
145
15
161
70
3
189
167
69
34
174
183
140
4
149
101
28
59
199
9
148
47
154
94
66
57
172
52
179
22
185
95
86
110
128
83
55
18
62
124
106
143
159
119
129
180
176
88
194
113
26
103
89
127
165
163
186
153
81
77
58
82
87
8
68
41
111
144
56
104
138
182
157
171
25
123
177
7
5
78
175
142
45
162
46
80
190
105
136
73
164
31
54
193
117
198
30
42
156
24
16
27
38
197
1
151
19
112
121
131
135
32
102
63
100
17
44
133
10
178
