10
178
90
191
120
67
71
147
192
150
6
188
65
169
132
161
70
3
15
145
13
126
43
2
85
98
51
125
131
121
112
19
158
25
171
87
82
68
8
104
56
144
160
33
138
182
139
11
49
29
39
12
0
35
109
69
189
167
155
184
53
174
183
140
4
149
101
28
59
199
9
95
185
22
179
57
172
52
166
194
86
110
128
83
55
18
62
124
64
88
176
180
26
103
89
127
165
163
186
153
119
159
143
41
111
50
58
77
97
141
91
79
61
7
177
123
5
78
175
142
45
162
46
80
190
105
136
73
164
193
31
54
151
117
198
30
42
156
24
1
197
16
27
38
102
63
100
17
44
133
