5
123
177
7
61
79
91
87
58
82
68
8
56
104
157
171
25
182
138
11
49
33
160
39
29
12
0
35
109
69
189
167
34
55
18
62
128
124
106
143
159
119
41
111
50
77
81
153
186
163
89
165
127
137
114
103
26
180
176
88
194
166
86
110
95
185
22
179
52
172
57
66
94
154
47
148
20
59
199
28
101
149
4
140
183
174
53
184
155
84
70
161
3
15
145
13
126
132
169
65
188
6
85
2
74
118
98
51
125
90
191
71
67
150
192
147
115
178
10
133
44
17
100
63
102
32
135
131
121
112
19
151
24
1
197
38
27
16
42
156
30
198
117
193
54
31
164
73
136
105
190
80
46
162
175
78
142
45
