78
175
162
46
80
190
105
193
117
198
30
42
156
24
1
197
16
27
38
102
63
100
17
44
133
10
178
191
90
125
51
98
118
74
2
85
192
150
6
188
65
169
132
161
70
3
15
145
13
126
195
49
11
139
182
138
33
160
144
56
104
8
68
111
41
37
12
39
29
0
35
109
69
189
167
155
184
53
4
149
101
28
59
199
140
183
174
55
18
83
181
95
185
22
179
57
172
52
166
194
88
113
26
103
127
165
89
163
180
176
86
110
128
62
124
106
143
159
119
186
153
81
77
58
82
87
91
79
61
7
177
123
171
25
158
116
121
112
19
151
54
31
164
73
136
45
142
