180
176
88
194
166
86
185
22
179
52
172
57
66
94
154
47
148
20
59
28
101
149
4
140
199
9
95
110
128
124
106
119
159
143
62
18
55
34
170
152
53
184
155
167
189
69
29
39
12
0
109
35
37
41
14
50
111
68
8
104
56
144
160
33
49
11
139
182
138
157
171
25
158
116
51
98
85
2
43
126
13
145
15
3
70
161
132
169
65
188
6
150
192
147
71
67
120
191
90
125
131
121
112
19
151
24
1
197
16
38
102
63
92
27
42
156
30
198
117
193
54
31
164
73
136
105
190
80
46
162
45
142
175
78
5
123
177
7
61
79
91
87
82
58
77
81
153
186
163
165
127
89
103
26
