179
52
172
57
66
94
154
47
148
60
23
20
59
28
101
149
4
140
199
9
95
110
128
181
174
53
184
155
84
70
161
3
15
13
126
195
145
189
167
69
34
55
18
62
124
106
159
143
109
29
39
12
0
35
37
111
68
8
82
87
171
157
104
56
144
160
33
49
11
138
182
25
158
19
112
121
131
125
51
98
85
2
43
169
65
188
6
150
192
147
71
67
120
191
90
178
10
133
44
17
100
63
102
38
27
16
197
1
24
156
42
30
198
117
151
54
31
193
164
73
136
105
190
80
46
162
45
142
175
78
5
123
177
7
61
79
91
141
97
77
58
50
14
41
119
153
186
163
89
165
127
103
26
180
176
88
194
166
86
185
22
