131
38
27
16
197
1
24
156
42
30
198
117
151
54
31
193
164
73
136
105
190
80
46
162
45
142
175
78
5
7
177
123
25
171
157
104
8
68
82
87
58
77
97
153
186
163
165
127
89
103
26
113
194
88
176
180
129
81
14
41
111
144
56
138
182
139
11
49
33
160
39
29
12
0
109
35
143
159
119
106
124
128
110
62
18
55
181
95
185
22
179
52
172
57
66
94
154
47
148
60
23
20
59
199
28
101
149
4
140
183
174
53
184
155
167
189
3
70
161
15
145
13
126
132
169
65
188
6
134
2
85
150
192
147
115
178
10
133
44
17
100
63
102
32
122
125
90
191
71
67
120
51
98
116
121
