23
60
148
47
154
94
66
57
172
52
179
22
185
95
181
128
110
86
166
194
88
176
180
26
114
137
127
165
89
103
163
186
153
81
77
58
91
79
61
7
78
175
142
46
162
45
5
123
177
171
25
182
138
33
49
11
139
2
85
98
51
125
131
121
112
19
151
54
73
164
31
193
117
198
30
42
156
24
1
197
16
27
38
102
32
96
63
100
17
44
133
10
178
90
191
120
67
71
147
192
150
6
188
65
169
132
126
13
145
15
3
161
70
84
155
184
167
189
69
109
35
0
12
29
39
160
144
56
104
87
82
8
68
111
41
119
159
143
106
124
62
18
55
174
183
140
4
149
101
28
199
59
20
