35
109
29
160
33
49
11
138
182
74
118
98
51
125
116
121
131
135
32
102
63
100
17
44
133
10
178
90
191
71
67
120
85
2
134
192
150
6
188
65
169
132
126
13
161
70
3
15
145
189
167
155
184
53
152
170
34
55
174
183
140
199
4
149
101
28
59
20
148
47
154
94
66
57
172
179
52
166
194
114
137
127
165
89
163
103
26
180
176
88
86
185
22
130
95
110
128
62
124
106
143
159
119
41
111
50
77
58
82
68
8
87
91
79
61
7
177
123
5
78
175
142
45
162
46
80
190
105
136
73
164
31
54
193
30
156
42
16
27
38
197
1
24
198
117
151
19
112
158
25
171
157
104
56
144
39
12
0
