172
179
52
166
194
88
176
180
26
103
89
127
165
163
186
153
81
77
58
50
14
41
111
68
8
82
87
91
79
61
7
5
78
175
142
45
46
162
136
105
193
31
164
73
54
117
30
156
42
16
27
38
197
1
24
198
151
19
112
121
116
158
25
123
177
171
157
104
56
144
160
33
49
11
138
182
139
2
85
98
51
125
90
122
100
17
44
133
10
178
191
120
67
71
147
192
150
6
188
65
169
132
126
13
145
161
70
3
15
189
167
69
109
29
39
12
0
35
34
170
152
53
4
149
101
28
59
199
140
183
174
55
18
62
124
128
110
86
95
185
22
148
23
60
47
154
94
66
57
