86
166
194
88
176
180
26
103
163
129
119
159
143
106
124
128
62
18
55
174
183
140
199
59
28
101
149
4
53
184
155
84
70
161
132
13
126
195
145
15
3
189
167
69
109
35
0
12
39
29
49
11
139
2
43
169
65
188
6
150
192
147
71
67
120
98
51
125
90
191
178
10
133
44
17
100
63
102
38
27
16
197
1
24
156
42
30
198
117
193
31
164
73
54
151
19
112
121
116
158
25
182
138
33
160
144
56
104
157
171
177
123
5
45
136
105
190
80
46
162
175
78
142
7
61
79
91
58
82
87
8
68
111
41
14
50
77
81
153
186
165
89
127
114
137
75
76
48
52
172
57
179
22
185
95
110
