176
88
194
166
86
110
128
124
62
18
55
174
95
185
22
179
52
172
57
66
94
154
47
148
20
59
28
101
149
4
199
140
53
184
155
167
189
69
109
29
39
12
0
35
37
41
111
50
58
87
82
68
8
104
56
144
160
33
49
11
138
182
139
2
43
126
13
145
15
3
70
161
132
169
65
188
6
150
192
147
71
67
120
51
98
116
121
112
19
131
125
90
191
178
10
133
44
17
100
63
102
38
27
16
197
1
24
156
42
30
198
117
151
54
31
193
164
73
136
105
190
80
46
162
45
142
175
78
5
7
177
123
25
171
61
79
91
141
97
77
81
143
159
119
153
186
163
165
127
89
103
26
180
