56
104
157
182
138
33
160
49
11
139
2
85
74
25
171
87
91
79
61
7
177
123
5
78
175
142
45
162
46
80
190
105
136
73
164
31
54
193
117
198
30
156
42
16
27
38
197
1
24
151
19
112
121
131
135
32
102
63
100
17
44
133
10
178
191
90
125
51
98
120
67
71
147
192
150
6
188
65
169
132
126
13
145
15
3
161
70
84
155
184
53
174
183
140
199
4
149
101
28
59
20
23
60
148
47
154
94
66
57
172
52
179
22
185
95
86
166
194
88
176
180
26
103
89
127
165
163
186
153
119
159
143
106
124
128
110
62
18
55
34
167
189
69
29
39
12
0
109
35
37
41
111
68
50
77
58
82
8
