150
192
147
115
178
10
133
44
17
100
96
32
102
63
92
38
27
16
197
1
24
156
42
30
198
117
193
151
54
31
164
73
136
105
190
80
46
162
175
78
142
45
5
7
177
123
171
157
104
56
8
87
58
82
68
111
41
143
159
119
153
186
129
180
176
88
113
26
103
163
89
165
127
137
114
194
166
52
179
172
57
66
94
154
47
148
20
59
28
101
149
4
140
199
9
95
130
22
185
86
110
128
124
62
18
55
34
69
167
189
3
70
161
15
145
13
132
65
188
169
126
195
168
29
109
35
0
12
39
160
33
49
11
138
182
25
158
19
112
121
116
98
51
125
90
191
71
67
