184
53
140
199
4
149
101
28
59
20
148
9
183
174
55
18
83
181
95
185
22
179
57
172
52
48
76
75
137
114
127
165
89
163
103
26
180
176
88
194
166
86
110
128
62
124
106
143
159
119
186
153
81
14
41
111
68
50
77
58
82
8
104
56
144
160
33
138
182
25
171
87
91
79
61
7
177
123
5
45
142
78
175
162
46
80
190
105
136
73
164
31
193
30
156
42
16
27
38
197
1
24
198
117
54
151
19
112
121
131
135
32
102
63
100
17
44
133
10
178
90
191
71
67
120
125
51
98
85
2
139
11
49
29
39
12
0
35
109
69
167
189
145
15
3
161
70
84
155
