55
34
167
189
69
109
29
39
12
0
35
37
41
111
68
8
56
104
157
171
87
82
58
77
97
141
91
79
61
7
78
175
142
162
46
80
190
196
42
16
27
38
197
1
24
156
30
198
117
151
54
31
73
164
193
105
136
45
5
177
123
25
158
19
112
121
116
98
51
125
90
122
100
17
44
133
10
178
191
120
67
71
147
192
150
6
188
65
169
132
13
126
43
2
139
182
138
33
160
49
11
168
195
145
15
3
161
70
84
155
184
53
174
183
140
4
149
101
28
199
59
20
23
60
148
47
154
94
66
22
179
57
172
52
166
194
113
26
103
89
127
165
163
180
176
88
86
110
128
124
62
18
