171
87
82
68
8
104
56
144
160
33
138
182
2
85
74
118
98
116
121
112
19
151
54
31
164
73
136
105
193
117
198
30
42
156
24
1
197
16
27
38
102
63
100
17
44
133
10
178
191
90
125
51
120
67
71
147
192
150
6
188
65
169
132
161
70
3
15
145
13
126
43
139
11
49
29
39
12
0
109
35
37
111
41
119
159
143
106
124
62
18
55
83
128
110
95
174
183
140
199
4
149
101
28
59
20
23
60
148
47
154
94
66
57
172
52
179
22
185
86
166
194
88
176
180
26
103
89
127
165
163
186
153
81
77
58
91
79
61
7
78
175
142
46
162
45
5
123
177
