162
45
142
175
78
5
7
177
123
25
171
87
82
58
61
79
91
141
97
77
50
14
41
111
68
8
56
104
157
138
182
139
11
49
33
160
39
29
12
0
109
35
124
106
143
159
119
153
186
163
26
103
89
165
127
137
114
113
180
176
88
194
166
86
110
128
62
18
83
181
95
185
22
179
52
172
57
66
94
154
47
148
20
59
28
101
149
4
199
140
183
174
55
34
170
152
53
184
155
167
189
145
15
3
70
161
13
126
132
169
65
188
6
150
192
85
2
74
118
98
116
121
51
120
67
71
191
125
90
178
10
133
44
17
100
63
102
38
27
16
197
1
24
156
42
30
198
117
151
54
31
193
164
73
136
105
190
80
46
