188
6
71
67
120
85
2
139
182
138
11
49
29
0
109
35
12
39
160
33
144
56
104
8
68
111
41
119
159
143
106
124
128
110
62
18
55
34
69
195
126
13
145
15
3
161
70
84
155
189
167
184
53
174
183
140
199
4
149
101
28
59
20
148
47
154
94
66
57
172
52
179
22
185
95
86
166
194
88
176
180
26
103
89
127
165
163
186
153
81
77
58
82
87
91
79
61
171
25
123
177
7
5
78
175
142
45
162
46
80
190
105
136
73
164
31
54
193
117
30
42
16
27
38
102
32
135
131
1
197
24
156
198
151
19
112
121
116
98
51
125
191
90
122
100
17
44
133
10
178
115
147
192
150
65
