30
42
16
27
38
197
1
24
156
198
117
151
19
112
121
131
122
100
17
44
133
10
178
191
90
125
51
98
118
74
85
2
139
182
138
11
49
33
160
39
29
12
0
109
35
37
111
41
119
159
143
106
124
128
110
86
185
22
130
95
181
62
18
55
34
69
167
189
3
15
145
13
126
132
169
188
65
161
70
84
155
184
53
174
183
140
4
149
101
28
199
59
20
23
60
148
47
154
94
66
57
172
179
52
166
194
88
176
180
26
103
114
137
127
165
89
163
186
153
81
77
58
82
68
8
56
104
87
91
79
61
171
25
123
177
7
5
78
175
142
45
162
46
80
190
105
136
73
164
31
54
193
