103
26
180
176
88
194
166
52
179
172
57
66
94
154
47
148
20
59
28
101
149
4
199
140
183
174
95
130
22
185
86
110
128
62
18
55
34
69
167
189
145
15
3
70
161
13
126
132
169
65
188
6
150
192
147
115
178
10
133
44
17
100
122
90
191
125
51
98
116
121
131
135
32
96
63
102
38
27
16
197
1
24
156
42
30
198
117
193
54
31
164
73
136
105
190
80
46
162
45
142
175
78
5
7
177
123
173
151
19
112
158
25
182
138
11
49
33
160
29
109
35
0
12
39
144
56
104
157
171
87
58
82
8
68
111
41
159
143
124
106
119
153
186
163
165
127
89
