136
73
164
31
54
193
30
42
27
38
16
197
1
24
156
198
117
151
19
112
121
131
125
90
122
100
17
44
133
10
178
191
71
67
120
51
98
192
150
6
188
65
169
132
126
13
145
15
161
70
3
189
167
155
184
53
152
170
34
55
174
183
140
199
4
149
101
28
59
20
23
60
148
47
154
94
66
57
172
52
179
22
185
95
110
86
166
194
88
176
180
26
103
127
165
89
163
186
153
81
77
58
82
87
8
68
111
41
119
159
143
106
124
128
62
18
35
109
0
12
29
39
160
49
11
139
182
138
33
144
56
104
157
171
25
123
177
7
5
45
142
78
175
162
46
80
190
105
