138
182
25
171
87
82
58
91
79
61
7
177
123
5
45
142
78
175
162
46
80
190
105
136
73
164
54
31
193
117
30
42
16
27
38
92
63
100
17
44
133
122
32
102
197
1
24
156
198
151
19
112
121
116
98
51
125
90
191
120
67
71
147
192
150
6
188
65
169
2
43
126
13
145
15
161
70
3
189
167
155
184
53
174
183
140
4
149
101
28
59
199
9
95
185
22
148
47
154
94
66
57
172
179
52
166
194
88
176
180
26
103
89
127
165
163
186
153
81
77
50
111
41
119
159
143
106
124
128
110
62
18
55
34
69
109
35
0
12
29
39
160
144
68
8
104
56
33
49
11
