198
117
193
105
190
80
46
162
175
78
142
45
136
73
164
31
54
151
19
112
158
25
123
177
7
61
79
91
87
171
157
104
56
144
160
33
138
182
139
11
49
29
39
12
0
109
35
37
41
111
68
8
82
58
77
81
153
186
163
165
127
89
103
26
180
176
88
194
166
86
110
128
124
106
119
159
143
62
18
55
174
183
9
95
185
22
179
52
172
57
66
94
154
47
148
60
23
20
59
28
101
149
4
199
140
53
184
167
189
155
84
3
15
145
70
161
132
13
126
169
65
188
6
150
192
147
71
67
120
191
90
125
51
98
85
2
74
118
116
121
131
122
133
44
17
100
63
102
38
27
16
197
1
24
156
42
30
