116
98
51
120
67
71
147
192
150
6
188
65
169
132
126
13
145
15
161
70
3
189
167
155
184
53
174
183
140
199
4
149
101
28
59
20
23
60
148
9
95
130
22
185
86
110
64
176
180
88
194
114
137
127
165
89
103
26
163
186
153
119
159
143
106
124
128
62
18
55
34
69
109
35
0
12
29
39
160
33
49
11
139
182
138
157
171
104
56
8
68
111
41
14
50
77
58
82
87
91
79
61
7
177
123
5
45
142
78
175
162
46
80
190
105
136
73
164
31
54
151
193
117
198
30
42
156
24
1
197
16
27
38
102
63
100
17
44
133
10
178
191
90
125
131
121
