180
88
194
113
26
103
89
127
165
163
186
153
119
159
143
41
111
37
35
109
0
12
39
29
49
11
139
182
138
33
160
144
56
68
82
58
77
97
141
91
79
61
21
87
8
104
157
171
25
158
116
121
112
19
151
54
31
164
73
173
123
177
7
5
45
142
78
175
162
46
80
190
105
136
193
117
198
30
42
156
24
1
197
16
27
38
102
32
96
63
100
17
44
133
10
178
191
90
125
51
98
120
67
71
147
192
150
6
188
65
169
132
126
13
161
70
3
15
145
189
167
69
34
55
174
183
140
199
4
149
101
28
59
20
148
47
154
94
66
57
172
52
179
22
185
95
86
110
128
62
124
64
176
