100
63
102
38
27
16
42
156
24
197
1
131
121
116
158
25
171
177
123
112
19
151
198
30
117
193
54
31
164
73
136
105
190
80
46
162
175
78
142
45
5
7
61
79
91
141
97
77
58
87
82
68
8
104
56
144
39
12
0
35
37
111
41
143
159
119
153
186
163
89
165
127
137
114
103
26
180
176
88
194
166
52
179
172
57
66
94
154
47
148
20
59
28
101
149
4
140
199
9
22
185
95
86
110
128
124
62
18
55
34
170
152
53
184
155
167
189
69
109
29
160
33
49
11
138
182
139
2
43
126
13
145
15
3
70
161
132
169
65
188
6
150
192
147
71
67
120
98
51
125
90
191
178
10
133
44
17
