153
81
77
58
82
68
111
41
37
35
109
0
12
29
39
160
33
49
11
139
182
138
157
104
56
8
87
91
79
61
171
25
123
177
7
5
78
175
142
45
162
46
80
190
105
136
73
19
112
151
54
31
164
193
117
198
30
42
156
24
1
197
16
27
38
102
63
100
17
44
133
122
131
121
116
125
90
191
71
67
120
51
98
118
74
2
85
192
150
6
188
65
169
132
126
13
145
15
161
70
3
189
167
69
34
55
170
152
53
4
149
101
28
199
59
20
23
60
148
9
140
183
174
95
130
22
66
57
172
52
179
185
86
110
128
62
124
106
143
159
119
129
180
176
88
194
113
26
103
89
127
165
163
186
