65
188
6
150
192
147
71
67
120
125
90
191
178
10
133
44
17
100
63
96
32
102
38
27
16
197
1
24
156
42
30
198
117
193
31
164
73
54
151
19
112
121
116
51
98
85
2
182
138
33
56
104
157
25
123
177
171
8
68
82
87
21
61
79
91
58
50
14
81
77
97
153
186
163
165
127
89
103
26
180
176
88
194
166
86
110
95
185
22
179
52
172
57
66
94
154
47
148
9
199
59
28
101
149
4
140
183
174
55
18
62
128
124
106
119
159
143
34
170
152
53
184
155
84
3
70
161
15
189
167
69
109
35
0
29
39
12
37
41
111
144
160
49
11
139
43
126
195
145
13
132
169
