1
24
156
42
30
198
117
193
164
73
31
54
151
19
112
121
116
158
25
123
45
162
46
175
78
142
5
7
177
171
157
104
56
8
87
21
61
79
91
141
97
77
58
82
68
111
41
37
12
39
160
33
138
182
139
11
49
29
0
109
35
143
159
119
153
186
163
165
127
89
103
26
180
176
88
194
166
86
110
128
124
62
18
55
174
183
140
199
9
95
185
22
179
52
172
57
66
94
154
47
148
20
59
28
101
149
4
53
184
155
167
189
3
70
161
15
145
13
126
132
169
65
188
6
150
192
85
2
74
118
98
51
120
67
71
191
125
90
178
10
133
44
17
100
63
102
38
27
16
197
