16
197
1
24
198
151
19
112
121
116
125
131
135
32
102
63
100
17
44
133
10
178
90
191
71
67
120
51
98
85
2
43
126
13
132
169
188
65
161
70
3
15
145
189
167
69
34
55
18
62
124
128
110
86
95
185
22
9
183
174
140
199
4
149
101
28
59
20
23
60
148
47
154
94
66
57
172
179
52
166
194
88
176
180
26
103
89
127
165
163
186
153
119
159
143
35
109
0
29
49
11
139
182
138
33
160
39
12
37
41
111
50
77
58
82
87
8
68
144
56
104
157
171
25
123
177
7
5
45
142
78
175
162
46
80
190
105
136
73
164
31
54
193
117
30
156
42
27
38
