77
81
153
186
163
89
165
127
137
114
103
26
180
176
88
194
166
52
172
57
179
185
86
110
128
124
62
18
55
181
95
130
22
66
94
154
47
148
9
199
59
28
101
149
4
140
183
174
53
184
155
167
189
15
3
70
161
132
169
65
188
6
150
192
147
71
67
120
191
178
10
133
44
17
100
122
90
125
51
98
116
121
112
19
1
197
38
27
16
24
156
42
30
198
117
193
151
54
31
164
73
136
105
190
80
46
162
45
142
175
78
5
7
177
123
25
171
157
182
138
33
160
49
11
139
2
43
126
13
145
29
39
12
0
109
35
37
41
111
50
58
82
68
144
56
104
8
87
21
61
79
91
141
97
