176
88
194
166
86
185
22
179
52
172
57
66
94
154
47
60
23
20
59
148
9
199
28
101
149
4
140
183
174
95
110
128
62
18
55
34
170
152
53
184
155
167
189
3
70
161
15
145
69
109
0
35
37
41
111
12
29
39
160
33
49
11
138
182
139
2
43
126
13
132
169
65
188
6
150
192
147
71
67
120
98
51
125
90
191
178
10
133
44
17
100
63
102
38
27
16
197
1
24
156
42
30
198
117
193
164
73
31
54
151
19
112
121
116
158
25
123
5
45
162
46
175
78
142
7
177
171
157
104
56
144
68
8
87
82
58
77
50
14
81
153
186
119
159
143
124
106
129
163
165
127
89
103
26
180
