70
3
15
145
189
167
69
34
174
183
140
4
149
101
28
199
59
20
23
60
148
47
154
94
66
57
172
52
179
22
185
95
181
55
18
62
124
143
159
119
106
128
110
86
166
194
88
176
180
26
103
89
127
165
163
186
153
81
77
58
82
68
111
41
37
35
109
0
12
29
39
160
144
56
104
8
87
171
123
177
7
5
45
142
78
175
162
46
80
190
105
136
73
164
54
31
193
117
30
42
27
38
16
197
1
24
156
198
151
19
112
121
131
125
90
191
178
133
44
10
115
147
192
150
71
67
120
51
98
116
158
25
182
138
33
49
11
139
2
43
126
13
132
169
188
65
161
