60
23
20
59
199
28
101
149
4
140
174
183
9
95
181
55
18
62
110
128
124
106
159
143
35
109
0
12
39
29
69
167
189
15
3
70
161
145
13
126
132
169
65
188
6
150
192
85
2
139
11
49
160
33
138
182
25
123
173
73
54
151
19
112
121
131
125
90
191
51
98
120
67
71
178
10
133
44
17
100
63
102
38
27
16
197
1
24
156
42
30
198
117
193
31
164
136
105
190
80
46
162
175
78
142
45
5
7
177
171
157
104
56
8
68
82
87
58
77
50
111
41
119
153
186
163
89
165
127
103
26
180
176
88
194
166
86
185
22
179
52
172
57
66
94
154
47
148
