159
143
106
124
128
110
62
18
55
174
183
140
4
149
101
28
199
59
20
23
60
148
47
154
94
66
57
22
179
172
52
166
48
76
75
137
114
127
165
89
163
103
26
113
194
88
176
180
129
186
153
81
77
58
91
79
61
7
142
78
175
46
162
45
5
123
177
171
87
82
68
8
104
56
144
160
33
49
11
138
182
25
173
136
105
193
31
164
73
54
151
117
198
30
42
156
24
1
197
16
27
38
102
63
100
17
44
133
10
178
191
90
125
131
121
116
51
98
118
74
2
85
192
150
6
188
65
169
132
126
13
145
15
3
161
70
84
155
189
167
184
53
152
170
34
69
109
29
39
12
0
35
37
111
41
119
