158
98
120
67
71
147
192
150
6
188
65
169
132
161
70
3
15
145
13
126
43
2
139
11
49
33
160
39
29
12
0
35
109
69
189
167
155
184
53
4
149
101
28
59
199
140
183
174
55
18
62
128
110
86
95
185
22
179
57
172
52
166
194
88
176
180
26
103
89
127
165
163
186
153
119
106
124
143
159
41
111
50
77
58
82
8
68
144
56
104
157
138
182
25
171
87
91
79
61
7
177
123
5
78
175
142
45
162
46
80
190
105
136
73
164
193
31
54
151
117
30
198
24
156
42
27
38
16
197
1
131
135
32
102
63
100
17
44
133
10
178
191
90
125
51
116
121
112
19
