22
66
94
154
47
148
20
59
28
101
149
4
199
140
183
174
55
18
62
110
128
124
106
119
159
143
35
109
0
12
39
29
49
33
160
144
56
104
157
138
182
11
139
2
43
126
13
145
15
189
167
184
155
84
3
70
161
132
169
65
188
6
150
192
147
71
67
120
98
51
125
90
191
178
10
133
44
17
100
63
96
32
102
38
27
16
197
1
24
156
42
30
198
117
151
54
31
193
164
73
136
105
190
80
46
162
45
142
175
78
5
7
177
123
25
171
87
82
8
68
111
41
14
50
58
77
81
153
186
163
165
127
89
103
26
180
176
88
194
166
52
172
57
179
185
95
130
