56
144
160
33
49
11
138
182
139
2
85
98
51
116
158
25
123
177
171
87
82
58
77
81
119
159
143
106
124
128
110
62
18
55
174
183
140
199
4
149
101
28
59
20
148
47
154
94
66
57
172
52
179
22
185
95
86
166
194
88
176
180
26
103
89
127
165
163
186
153
97
141
91
79
61
7
5
78
175
142
45
162
46
80
190
105
136
73
164
54
31
193
117
151
19
112
121
131
1
197
24
156
198
30
42
16
27
38
102
63
100
17
44
133
10
178
191
90
125
120
67
71
147
192
150
6
188
65
169
132
126
13
145
15
161
70
3
189
167
69
29
39
12
0
109
35
37
41
111
68
8
104
