9
199
59
28
101
149
4
140
183
174
53
152
170
34
55
18
62
110
128
124
106
143
159
119
41
37
35
109
0
12
39
160
144
56
104
33
49
29
69
167
189
3
70
161
15
145
13
126
195
168
11
138
182
139
2
43
169
65
188
6
150
192
147
71
67
120
51
98
116
121
112
19
131
125
90
191
178
10
133
44
17
100
63
96
32
102
38
27
16
197
1
24
156
42
30
198
117
151
54
31
193
164
73
136
105
190
80
46
162
45
142
175
78
5
7
177
123
25
171
61
79
91
58
82
87
8
68
111
50
77
81
153
186
163
89
165
127
137
114
103
26
180
176
88
194
166
86
185
179
52
172
57
66
94
154
47
148
22
130
95
