179
22
185
95
110
86
166
194
88
176
180
26
103
89
127
165
163
129
128
83
55
18
62
124
106
143
159
119
186
153
81
77
50
14
41
111
68
144
56
104
8
82
58
87
91
79
61
7
177
123
171
25
182
138
11
139
2
85
98
51
116
112
19
151
173
5
45
142
78
175
162
46
80
190
105
136
73
164
31
54
193
117
198
30
42
156
24
1
197
16
27
38
131
121
125
191
90
122
32
102
63
100
17
44
133
10
178
115
147
192
150
6
188
65
169
132
161
70
3
15
145
13
126
195
49
33
160
39
29
12
0
35
109
69
189
167
155
184
53
174
183
140
199
4
149
101
28
59
20
148
47
154
94
66
57
172
52
