16
27
38
102
63
100
17
44
133
10
178
191
90
125
120
67
71
147
192
150
6
188
65
169
132
126
13
161
70
3
15
145
189
167
69
62
18
55
34
170
152
53
174
183
140
4
149
101
28
199
59
20
23
60
148
47
154
94
66
57
22
179
172
52
48
76
114
26
180
176
88
194
166
86
110
128
124
106
143
159
119
129
103
89
127
165
163
186
153
81
77
97
141
91
79
61
58
82
87
21
177
123
25
171
157
104
56
8
68
111
41
37
35
109
0
12
29
39
160
33
49
138
182
11
139
2
85
74
118
98
51
116
121
112
19
151
54
31
164
73
136
45
142
78
175
162
46
80
190
105
193
117
198
30
42
156
24
1
197
