69
109
35
0
29
39
12
37
111
41
119
159
143
106
124
62
18
55
34
170
152
53
174
183
140
199
4
149
101
28
59
20
148
47
154
94
66
57
172
52
179
22
185
95
86
110
128
64
176
180
88
194
113
26
103
89
127
165
163
186
153
81
77
58
91
79
61
21
87
82
68
8
104
56
144
160
33
49
11
139
182
138
157
171
177
123
25
158
116
121
112
19
151
54
31
164
73
136
45
142
78
175
162
46
80
190
105
193
117
198
30
42
156
24
1
197
16
27
38
102
63
100
17
44
133
10
178
191
90
125
51
98
120
67
71
147
192
150
6
188
65
169
132
126
13
145
15
161
70
3
189
167
