51
125
120
67
71
191
90
178
10
133
44
17
100
63
102
38
27
16
42
156
24
197
1
131
151
198
30
117
54
73
164
31
193
105
136
162
46
175
78
142
45
5
7
61
79
91
87
82
58
77
81
153
186
163
129
119
159
143
106
124
62
128
110
86
88
176
180
26
103
89
165
127
137
114
194
166
52
179
172
57
66
94
154
47
148
20
59
199
9
22
185
95
181
83
18
55
174
183
140
28
101
149
4
53
184
155
167
189
15
3
70
161
145
13
126
132
169
65
188
6
150
192
85
2
139
182
138
11
49
33
160
39
29
12
0
109
35
37
41
111
144
56
68
8
104
157
171
177
123
25
158
19
112
121
116
98
