35
109
69
167
189
15
145
13
126
43
2
85
98
51
120
67
71
191
90
125
131
121
112
19
173
5
45
142
78
175
46
162
136
105
193
31
164
73
54
151
117
198
30
42
156
24
1
197
16
27
38
102
63
100
17
44
133
10
178
115
147
192
150
6
188
65
169
132
161
70
3
84
155
184
53
152
170
34
55
18
62
124
128
181
174
183
140
199
4
149
101
28
59
20
148
47
154
94
66
57
172
52
179
22
185
95
110
86
166
194
88
176
180
26
103
89
127
165
163
186
153
119
159
143
41
111
68
8
87
82
58
77
97
141
91
79
61
7
177
123
25
171
157
104
56
144
138
182
139
11
49
33
160
39
29
12
0
