184
53
4
149
101
28
59
199
140
183
174
55
18
62
34
69
109
0
29
39
12
35
143
159
106
124
128
110
64
176
180
88
86
95
185
22
179
57
172
52
166
194
113
26
103
89
127
165
163
186
153
119
41
111
68
8
87
82
58
77
97
141
91
79
61
7
78
175
142
46
162
45
5
123
177
171
157
104
56
144
160
33
49
138
182
11
139
2
85
74
118
98
116
112
19
151
54
31
164
73
136
105
193
117
198
30
42
156
24
1
197
16
27
38
102
63
96
32
135
131
121
125
90
191
51
120
67
71
147
192
150
6
188
65
169
132
126
13
161
70
3
15
145
189
167
155
