4
149
101
28
59
199
9
148
47
154
94
66
57
172
52
179
22
185
95
174
55
18
62
124
128
110
86
166
194
88
176
180
26
103
89
127
165
163
186
153
81
14
41
37
35
109
0
12
29
39
144
68
111
50
77
58
82
8
87
91
79
61
7
177
123
25
171
157
104
56
160
33
49
11
138
182
139
2
85
98
120
67
71
191
90
125
51
116
121
112
19
151
54
31
164
73
136
45
142
78
175
162
46
80
190
105
193
117
198
30
42
156
24
1
197
16
27
38
102
63
100
17
44
133
10
178
115
147
192
150
6
188
65
169
132
126
13
161
70
3
15
145
189
167
155
184
53
140
