87
82
58
77
50
111
41
119
153
186
163
89
165
127
137
114
103
26
180
176
88
194
166
52
179
172
57
66
94
154
47
148
22
185
95
9
199
59
28
101
149
4
140
183
174
55
18
62
110
128
124
106
159
143
35
109
0
12
39
29
69
189
167
184
155
84
70
161
3
15
145
13
126
132
169
65
188
6
150
192
85
2
74
118
98
51
125
90
191
178
10
133
44
17
100
63
102
38
27
16
197
1
24
156
42
30
198
117
193
105
190
80
46
162
175
78
142
45
136
73
164
31
54
151
19
112
121
116
158
25
182
138
11
49
33
160
144
56
68
8
104
157
171
123
177
7
61
79
91
