82
2
87
125
74
152
97
1
101
150
26
100
121
99
189
19
94
124
12
130
63
182
136
53
158
180
173
6
194
161
162
72
109
51
66
141
60
118
59
116
65
47
105
77
166
28
184
11
131
149
24
29
156
126
112
4
190
10
177
104
147
54
30
48
160
192
181
103
146
195
159
193
41
96
115
198
46
68
139
191
110
163
69
108
67
36
140
93
117
170
0
153
183
89
76
23
186
114
64
15
61
62
9
33
37
148
111
167
128
55
52
106
178
3
32
138
49
102
155
144
132
21
7
164
58
71
27
107
90
39
165
8
185
40
119
174
187
81
196
169
91
179
145
78
168
157
188
85
31
13
56
113
171
88
16
25
44
120
