30
48
160
192
42
5
96
41
193
159
195
103
146
22
20
18
69
108
67
163
110
191
139
198
46
115
118
60
141
66
176
137
23
186
114
64
15
61
9
62
102
49
144
155
14
32
138
8
165
39
95
7
164
58
71
27
107
90
174
187
81
196
169
40
119
185
91
179
92
82
78
145
168
157
31
85
188
56
13
171
88
16
25
44
120
150
101
100
26
97
1
87
125
74
152
111
167
33
37
148
124
12
130
94
19
189
99
121
182
136
53
158
180
173
6
194
161
162
45
151
51
109
72
59
149
131
47
65
116
105
77
166
28
184
11
35
126
29
156
112
4
190
10
177
104
147
54
