184
28
166
77
105
116
65
47
131
149
24
161
194
6
173
180
158
53
136
182
121
99
189
19
26
100
150
101
1
97
152
74
125
87
2
120
44
82
92
179
91
145
78
168
31
13
16
88
171
113
56
188
157
17
196
169
81
187
174
90
107
27
71
58
164
7
95
39
165
8
119
40
185
106
178
3
32
138
14
144
155
102
49
128
167
111
124
94
130
12
148
37
33
9
62
61
15
64
114
83
89
183
76
23
137
176
66
141
51
109
72
59
118
60
46
198
139
191
110
68
0
170
117
93
140
36
163
67
108
69
18
20
22
146
103
195
159
193
41
96
5
42
192
160
48
30
54
147
104
177
10
190
4
112
156
29
126
35
11
