184
104
147
54
30
48
160
192
181
103
146
22
20
18
69
108
67
163
36
140
93
117
170
0
153
183
89
76
23
186
114
64
15
61
62
9
33
37
148
167
111
124
12
130
94
63
136
182
121
99
189
19
152
74
125
87
2
82
92
179
91
55
52
106
178
3
32
138
14
155
144
132
21
7
164
58
95
39
165
8
185
40
119
174
187
81
169
196
17
157
188
56
113
171
88
16
13
31
168
145
78
25
44
120
150
101
1
97
26
100
53
158
180
173
6
194
161
162
72
59
118
109
51
66
141
60
46
198
139
191
110
142
159
193
41
96
5
116
65
47
105
77
131
149
24
29
156
126
112
4
84
11
166
28
