119
40
185
106
178
3
32
138
14
144
155
49
102
61
62
9
33
37
148
15
64
114
186
23
76
89
183
153
0
170
117
93
140
36
163
67
108
69
18
20
22
146
103
195
159
142
110
139
191
193
41
96
5
116
65
47
105
77
166
28
184
160
48
30
54
147
104
177
10
190
4
84
11
35
112
126
156
29
24
131
149
72
59
118
60
141
109
51
66
176
80
133
162
161
194
6
173
180
158
53
136
182
63
130
12
124
94
19
189
99
121
100
26
97
101
150
1
152
74
125
87
2
120
44
82
92
179
91
145
78
168
31
13
56
188
157
17
196
169
81
187
174
90
107
27
71
58
164
7
95
39
165
8
