145
78
168
157
188
85
31
13
56
113
171
88
16
25
44
120
82
2
87
125
74
152
97
1
101
150
26
100
121
99
189
19
94
124
12
130
176
66
141
109
51
72
59
118
60
46
198
139
191
110
142
159
193
41
96
5
42
28
184
11
166
77
105
116
65
47
131
149
24
161
194
173
180
136
53
158
154
6
70
127
29
156
126
112
4
190
10
177
104
147
54
30
48
160
192
181
103
146
22
20
18
69
108
67
163
36
140
93
117
170
0
153
183
89
76
23
186
114
64
15
61
62
9
33
37
148
111
167
128
49
102
155
144
14
138
32
3
178
106
185
40
119
8
165
39
95
7
164
58
71
27
107
90
174
187
81
196
169
91
179
