129
92
179
91
145
168
78
82
120
44
25
16
88
171
113
56
13
31
85
188
157
17
196
169
81
187
174
40
119
185
8
165
39
95
58
164
7
21
138
14
155
144
102
49
32
3
178
128
167
111
148
37
33
9
62
61
15
64
114
186
23
76
89
183
153
0
170
117
93
140
68
46
60
141
66
51
109
118
115
96
41
193
191
139
110
163
67
108
69
18
199
159
195
146
103
181
192
160
28
184
48
30
54
147
104
177
10
190
4
112
156
29
126
35
11
166
131
149
77
105
116
65
59
72
162
161
194
6
173
180
158
53
136
182
63
94
130
12
124
19
189
99
121
100
26
101
150
1
97
152
74
125
87
