81
98
188
56
13
31
168
157
17
196
169
91
179
92
82
44
120
150
101
1
87
125
74
152
97
26
100
121
53
158
180
154
6
173
136
182
99
189
19
94
130
12
124
111
167
128
62
9
15
186
23
137
176
66
141
51
109
60
118
72
59
65
47
131
149
24
29
156
126
112
4
190
10
177
104
147
54
30
48
184
28
11
166
77
105
116
96
5
42
192
160
103
146
195
159
199
18
69
108
67
163
110
139
191
193
41
115
198
46
68
140
93
117
0
170
143
183
89
83
114
64
61
144
155
102
49
178
3
32
138
8
185
40
119
165
39
95
7
164
58
71
27
107
90
174
187
