93
117
170
0
68
46
198
139
191
110
142
159
193
41
96
115
59
118
72
51
109
60
141
66
176
137
23
76
183
89
83
114
64
15
61
62
9
33
37
148
167
111
124
12
130
94
189
19
152
74
125
87
2
82
78
168
145
91
179
55
52
106
178
3
32
138
49
102
155
144
132
21
7
164
58
71
27
107
90
39
165
8
185
119
40
174
187
81
169
196
17
157
31
13
56
188
50
113
171
88
16
25
44
120
150
101
1
97
26
100
99
121
182
136
53
158
180
173
6
194
161
24
149
131
47
65
116
105
77
166
28
184
11
35
126
29
156
112
4
190
10
177
104
147
54
30
48
160
192
181
103
146
22
20
18
69
108
67
163
36
140
