39
160
33
49
11
138
182
139
2
43
168
195
126
13
145
15
3
70
161
132
169
65
188
6
150
192
147
71
67
120
51
98
116
121
112
19
131
125
90
191
178
10
133
44
17
100
63
96
32
102
38
27
16
197
1
24
156
42
30
198
117
151
54
31
193
164
73
136
105
190
80
46
162
175
78
142
45
5
7
177
123
25
171
157
104
56
144
111
68
8
82
87
21
61
79
91
141
97
77
58
50
14
41
143
159
119
153
186
163
103
89
165
127
137
114
26
180
176
88
194
166
86
185
22
179
52
172
57
66
94
154
47
148
60
23
20
59
28
101
149
4
140
199
9
95
110
128
124
62
18
55
34
170
152
53
184
155
167
189
69
109
35
0
12
29
