101
149
4
199
140
183
174
95
110
128
124
62
18
55
34
170
152
53
184
155
167
189
145
15
3
70
161
13
126
132
169
65
188
6
150
192
85
2
139
11
182
138
157
171
177
123
25
158
19
112
121
116
98
51
120
67
71
191
125
90
178
10
133
44
17
100
63
96
32
102
38
27
16
197
1
24
156
42
30
198
117
151
54
31
193
164
73
136
105
190
80
46
162
175
78
142
45
5
7
61
79
91
87
82
58
77
50
14
41
111
68
8
104
56
144
160
33
49
29
39
12
0
109
35
143
159
119
153
186
163
89
165
127
137
114
103
26
180
176
88
194
166
86
185
22
179
52
172
57
66
94
154
47
148
60
23
20
59
28
