88
176
180
26
103
114
137
127
165
89
163
186
153
119
159
143
41
111
68
8
56
104
157
171
87
82
58
50
14
81
77
97
141
91
79
61
7
177
123
5
45
142
78
175
162
46
80
190
105
136
73
164
193
31
54
151
117
198
30
42
156
24
1
197
16
27
38
102
32
96
63
100
17
44
133
10
178
191
90
125
51
120
67
71
147
192
150
6
188
65
169
132
161
70
3
15
145
13
126
195
168
43
2
85
74
118
98
116
121
112
19
158
25
182
138
11
49
33
160
39
29
12
0
35
109
69
189
167
155
184
53
174
183
140
199
4
149
101
28
59
20
23
60
148
47
154
94
66
57
172
52
179
22
185
95
181
55
18
62
124
128
110
86
166
194
