87
21
61
79
91
141
97
77
58
50
14
81
153
186
163
165
127
89
103
26
114
137
75
76
48
166
194
88
176
180
129
119
159
143
106
124
128
110
86
95
185
22
179
52
172
57
66
94
154
47
148
60
23
20
59
28
101
149
4
199
140
183
174
83
62
18
55
34
170
152
53
184
167
189
155
84
70
161
3
15
145
195
126
13
132
169
65
188
6
150
192
147
115
178
10
133
44
17
100
63
102
38
27
16
197
1
24
156
42
30
198
117
151
54
31
193
164
73
136
105
190
80
46
162
175
78
142
45
5
7
177
123
25
158
116
121
112
19
131
125
90
191
71
67
120
51
98
118
74
85
2
139
11
182
138
157
171
104
56
144
160
33
49
29
39
12
0
109
35
37
41
111
68
8
82
