100
17
44
133
10
178
191
90
125
131
19
112
121
116
98
51
120
67
71
147
192
150
6
188
65
169
132
13
126
195
145
15
161
70
3
84
155
189
167
184
53
4
149
101
28
59
20
23
60
148
47
154
94
66
57
172
52
179
22
185
95
9
199
140
183
174
55
18
62
124
128
110
86
166
194
88
176
180
26
103
114
137
127
165
89
163
186
153
119
159
143
35
109
0
12
29
39
111
41
14
50
58
77
97
141
91
79
61
21
87
82
68
8
104
56
144
160
33
49
11
139
182
138
157
171
25
123
177
7
5
45
142
78
175
162
46
80
190
105
136
73
164
193
31
54
151
117
198
30
42
156
24
1
197
16
27
38
102
63
