180
176
88
194
166
86
110
128
124
62
18
83
181
95
185
22
179
52
172
57
66
94
154
47
148
60
23
20
59
28
101
149
4
199
140
183
174
55
34
170
152
53
184
167
189
155
84
70
161
3
15
145
195
126
13
132
169
65
188
6
150
192
147
71
67
120
98
51
125
90
191
178
10
133
44
17
100
63
96
32
102
38
27
16
197
1
24
156
42
30
198
117
193
105
190
80
46
162
175
78
142
45
136
73
164
31
54
151
19
112
121
116
158
25
123
177
7
61
79
91
141
97
77
81
14
50
58
82
87
8
68
111
144
56
104
171
157
138
182
139
11
49
33
160
39
29
12
0
109
35
37
41
143
159
119
153
186
163
165
127
89
103
26
