100
26
97
1
101
150
87
125
74
152
19
189
94
130
12
124
111
167
148
37
33
9
62
61
144
155
102
49
138
32
3
178
106
52
55
91
179
145
168
78
82
120
44
25
16
88
171
113
50
188
56
13
31
157
17
196
169
81
187
174
119
40
185
8
165
39
90
107
27
71
58
164
7
21
132
73
64
114
186
23
76
89
183
153
0
170
117
93
140
36
67
108
69
163
110
191
139
68
46
198
115
96
41
193
159
195
146
103
181
192
160
48
30
54
147
104
177
10
190
4
112
126
156
29
24
149
131
11
184
28
166
77
105
47
65
116
59
118
60
141
66
51
109
72
162
161
194
6
173
180
158
53
136
182
121
99
