37
33
9
62
61
15
186
23
76
183
89
83
114
64
73
132
144
155
102
49
138
32
3
178
106
185
40
119
8
165
39
95
7
164
58
71
27
107
90
174
187
81
169
196
17
157
188
56
113
171
88
16
13
31
168
91
179
145
78
25
44
120
82
2
87
125
74
152
97
1
150
101
26
100
19
189
99
121
182
136
53
158
180
173
6
194
161
24
149
131
47
65
116
105
77
166
28
184
11
35
126
29
156
112
4
190
10
177
104
147
54
30
48
160
192
181
103
146
22
20
18
69
108
67
163
36
140
93
117
170
0
68
110
139
191
142
159
193
41
96
115
198
46
60
118
59
72
109
51
141
66
176
12
130
94
124
111
167
148
