174
90
107
27
71
58
164
7
95
39
165
8
185
119
40
169
196
17
157
168
78
145
179
91
55
52
106
178
3
32
138
14
155
144
102
49
128
167
111
124
94
130
12
148
37
33
9
62
61
15
64
114
186
23
76
89
183
153
0
170
117
93
140
36
67
108
69
163
110
191
139
198
46
60
141
66
51
109
72
59
118
115
96
41
193
159
195
146
103
181
192
160
48
30
54
147
104
177
10
190
4
112
156
29
126
35
11
184
28
166
77
105
116
65
47
131
149
24
161
194
6
173
180
158
53
136
182
121
99
189
19
100
26
101
150
1
97
152
74
125
87
2
82
120
44
25
16
88
171
113
56
13
31
85
188
98
81
187
