26
100
19
189
99
121
182
136
53
158
180
173
6
194
161
162
72
59
118
109
51
66
141
60
46
68
110
191
139
198
115
116
105
65
47
77
131
149
24
29
156
126
112
4
84
11
166
28
184
190
10
177
104
147
54
30
48
160
192
42
5
96
41
193
159
195
103
146
22
20
18
69
108
67
163
36
140
93
117
170
0
153
183
89
76
23
186
114
64
15
61
62
9
33
37
148
12
130
94
124
111
167
128
49
102
144
155
14
138
32
3
178
106
185
40
119
8
165
39
95
7
164
58
71
27
107
90
174
187
81
196
169
91
179
145
78
168
157
188
85
31
13
56
113
171
88
16
25
44
120
82
2
87
125
74
152
97
1
150
101
