61
62
9
33
37
148
15
64
114
186
23
76
89
183
153
0
170
117
93
140
36
163
67
108
69
18
20
22
146
103
195
159
193
41
96
5
42
192
160
48
30
54
147
104
177
10
190
184
28
166
11
84
4
112
126
156
29
24
149
131
77
105
47
65
116
115
198
139
191
110
68
46
60
141
66
51
109
118
59
72
162
161
194
6
173
180
158
53
136
182
121
99
100
26
97
1
101
150
87
125
74
152
19
189
94
130
12
124
111
167
128
52
55
91
179
145
168
78
82
120
44
25
16
88
171
113
50
188
56
13
31
157
17
196
169
81
187
174
90
107
27
71
58
164
7
95
39
165
8
119
40
185
106
178
3
32
138
49
102
155
144
