87
2
82
78
168
145
179
91
196
169
40
119
185
8
165
39
95
7
164
58
71
27
107
90
174
187
81
17
157
31
13
56
188
50
113
171
88
16
25
44
120
150
101
1
97
26
100
99
121
182
136
53
158
180
173
6
194
161
162
72
59
118
109
51
66
141
60
46
198
139
191
110
142
159
193
41
96
5
116
65
47
105
77
166
28
184
11
131
149
24
29
156
126
112
4
190
10
177
104
147
54
30
48
160
192
181
103
146
22
20
18
69
108
67
163
36
140
93
117
170
0
153
183
89
76
23
186
114
64
15
148
37
33
9
62
61
144
155
102
49
138
32
3
178
106
52
55
128
167
111
124
12
130
94
189
19
152
74
125
