167
128
52
55
129
120
44
82
92
179
91
169
196
168
145
78
16
88
171
113
56
13
31
85
188
157
17
81
187
174
40
119
185
106
178
3
32
138
8
165
39
95
58
164
7
21
132
144
155
49
102
62
9
61
64
114
83
89
183
143
170
0
117
93
140
36
163
67
108
69
18
199
159
193
41
195
146
103
181
192
160
48
30
54
147
104
184
28
166
77
105
116
65
47
149
131
11
84
4
112
126
156
29
127
194
161
162
133
63
182
136
173
6
154
180
158
53
121
99
100
26
101
150
1
97
19
189
94
124
130
12
176
66
51
109
72
59
118
60
141
137
23
186
15
148
111
