162
161
194
6
173
180
158
53
136
182
121
99
100
26
101
150
1
97
19
189
94
130
12
124
111
167
152
74
125
87
2
82
120
44
25
78
145
168
31
13
56
188
157
17
196
169
91
179
55
52
106
178
3
185
40
119
8
165
39
90
107
27
71
58
164
7
21
138
32
49
102
155
144
61
62
9
15
64
114
186
23
76
89
183
153
0
170
117
93
140
68
139
191
110
163
67
108
69
18
199
159
193
41
195
146
103
181
192
160
48
30
54
147
104
177
10
190
4
112
156
29
126
35
11
184
28
166
77
105
47
65
116
5
96
115
198
46
60
141
66
51
109
118
59
72
