74
125
87
2
120
44
82
92
179
91
145
78
168
31
13
56
188
157
17
196
169
174
81
187
90
107
27
39
165
8
119
40
185
106
178
3
32
138
14
155
144
132
73
64
114
186
23
76
89
183
153
0
170
117
93
140
68
46
198
115
96
41
193
191
139
110
163
67
108
69
18
199
159
195
146
103
181
192
160
48
30
54
147
104
177
10
190
4
112
156
29
126
35
11
184
28
166
77
105
116
65
59
118
72
51
109
60
141
66
176
130
12
148
37
33
9
62
61
102
49
128
167
111
124
94
19
189
99
182
136
180
173
6
154
158
53
121
100
26
101
150
1
97
152
