185
40
119
165
8
106
178
3
32
138
21
7
164
58
71
27
107
90
174
187
81
196
17
157
168
31
85
188
56
13
171
88
16
25
44
120
82
2
150
101
1
97
26
100
99
121
53
158
154
6
173
180
136
182
63
80
176
66
51
109
72
118
59
116
105
65
47
77
131
149
24
29
156
126
112
4
190
10
177
104
147
184
11
166
28
192
160
48
54
30
34
103
146
195
5
96
115
198
139
110
191
41
193
159
199
18
69
108
67
163
36
140
93
68
46
60
141
137
23
76
183
89
83
114
64
15
61
62
9
33
37
148
167
111
124
12
130
94
189
19
152
74
125
87
129
92
179
91
169
