48
30
54
147
104
184
11
84
4
112
126
156
29
127
194
6
173
180
158
53
136
182
121
99
100
26
101
150
1
97
19
189
94
130
12
124
111
167
172
129
82
120
44
25
16
88
171
113
56
13
31
85
188
157
17
196
169
174
81
187
90
107
27
71
58
164
7
95
39
165
8
119
40
185
91
179
55
52
106
178
3
32
138
49
102
155
144
61
62
9
33
37
148
15
64
114
186
23
76
89
183
143
170
0
117
93
140
36
67
108
69
163
110
191
139
198
46
60
141
66
51
109
118
59
72
162
161
24
149
131
166
28
77
47
65
116
105
5
96
41
193
159
195
146
103
181
192
160
