155
144
61
62
9
15
64
114
83
89
183
76
23
137
141
109
51
66
176
80
94
124
130
12
148
37
33
111
74
152
19
189
99
182
136
63
133
151
72
59
118
60
46
68
110
191
139
198
115
96
41
193
159
195
146
103
181
192
160
48
30
54
147
104
177
10
190
184
28
166
77
105
116
65
47
131
149
24
35
11
84
4
112
126
156
29
127
194
6
173
180
158
53
121
100
26
97
101
150
1
87
2
82
120
44
25
78
145
168
16
88
171
113
56
13
31
85
188
157
17
196
81
187
174
90
107
27
39
165
8
185
119
40
169
91
179
55
52
167
128
178
3
32
138
49
102
