195
146
103
181
192
160
48
30
54
147
104
177
10
190
184
28
166
11
84
4
112
126
156
29
127
194
6
173
180
158
53
136
182
121
99
189
19
94
130
12
124
111
167
128
3
178
106
52
55
91
179
92
82
2
87
125
74
152
1
97
26
100
101
150
120
44
25
78
145
168
31
13
56
188
157
17
196
169
81
187
174
119
40
185
8
165
39
138
32
49
102
155
144
61
62
9
33
37
148
15
64
114
186
23
137
176
66
141
51
109
60
118
59
72
162
161
24
149
131
77
105
47
65
116
5
96
115
46
198
139
191
110
68
93
140
36
67
108
69
163
142
41
193
159
