125
74
152
97
1
150
101
26
100
53
158
154
6
173
180
136
182
121
99
189
19
94
124
130
12
176
151
45
161
162
72
109
51
66
141
60
118
59
65
116
105
77
131
149
24
29
156
126
112
4
84
11
166
28
184
104
147
54
30
48
160
192
42
5
96
115
198
46
68
110
139
191
41
193
159
195
103
146
22
20
18
69
108
67
163
36
140
93
117
170
0
153
183
89
76
23
186
114
64
15
61
9
62
144
155
14
138
39
165
8
185
119
40
174
187
81
169
196
17
157
188
56
13
31
168
91
179
145
78
25
44
120
82
92
57
55
52
106
178
3
32
49
128
167
111
87
