112
4
190
10
177
104
147
54
30
48
184
28
160
192
42
5
96
41
193
159
163
69
108
67
36
140
93
68
110
191
139
198
46
115
116
105
65
47
77
166
11
131
149
59
118
60
141
137
76
183
89
23
186
114
64
15
61
9
62
102
49
155
144
132
21
7
164
58
71
27
107
90
39
165
138
32
3
178
106
8
185
119
40
169
174
187
81
196
91
179
145
78
168
157
188
85
31
13
56
113
171
88
16
25
44
120
82
129
172
167
111
124
12
130
94
189
19
152
74
125
87
1
150
101
97
26
100
99
121
53
158
154
6
173
180
136
182
63
80
176
66
51
109
72
162
161
194
127
29
156
126
