22
146
103
195
159
193
41
191
110
139
198
46
115
96
5
42
192
160
48
30
54
147
104
177
10
190
4
112
156
29
126
35
11
184
28
166
77
105
116
65
47
131
149
24
161
194
6
173
180
158
53
136
182
121
99
100
26
101
150
1
97
189
19
152
74
125
87
2
82
120
44
25
16
88
171
113
56
13
31
85
188
157
17
196
81
187
90
107
27
39
165
138
32
8
185
119
40
174
169
91
179
55
52
106
178
3
49
102
155
144
61
62
9
33
37
148
167
111
124
12
130
94
63
133
151
72
59
118
60
109
51
141
66
176
137
23
76
89
183
153
0
170
117
93
140
36
163
67
108
69
18
20
