147
104
177
10
190
4
112
126
156
29
127
194
6
173
180
158
53
136
182
121
99
189
19
100
26
97
1
101
150
120
44
25
16
88
171
113
56
13
31
85
188
157
168
78
145
179
91
169
196
81
187
174
40
119
185
8
165
39
90
107
27
71
58
164
7
21
155
144
64
83
89
183
76
23
186
114
15
61
9
62
102
49
138
32
3
178
106
52
55
57
92
82
2
87
125
74
152
124
94
130
12
176
66
141
51
109
72
162
161
24
149
131
77
105
47
65
116
59
118
60
115
198
46
68
93
140
36
67
108
69
163
110
139
191
142
159
193
41
96
5
42
166
11
184
28
192
181
146
103
160
48
30
54
