124
111
167
148
37
33
9
62
61
144
155
102
49
32
138
8
165
39
27
107
90
187
81
174
40
119
185
169
196
17
157
188
56
113
171
88
16
13
31
168
91
179
145
78
25
44
120
82
2
87
125
74
152
97
1
150
101
26
100
53
158
180
173
6
194
127
29
156
126
112
4
190
10
177
104
147
54
30
48
160
192
28
184
11
166
77
43
42
5
96
115
46
198
139
110
191
41
193
159
195
103
146
22
20
18
69
108
67
163
36
140
93
117
170
0
153
183
89
76
23
137
176
66
51
109
141
60
118
72
59
65
116
105
47
131
149
24
161
162
133
63
136
182
121
99
189
19
94
130
12
