111
167
128
49
178
3
32
138
14
155
144
132
21
7
164
58
71
27
107
90
39
165
8
185
40
119
174
187
81
169
196
17
157
31
13
56
188
50
113
171
88
16
78
168
145
91
179
92
82
44
120
2
87
125
74
152
97
1
150
101
26
100
121
99
189
19
124
12
130
94
63
182
136
53
158
180
173
6
194
127
29
156
126
112
4
84
11
184
104
147
54
30
48
160
192
28
166
77
105
116
65
59
118
72
109
51
66
141
60
46
68
110
139
191
41
193
159
195
103
146
22
20
18
69
108
67
163
36
140
93
117
170
0
153
183
89
76
23
186
114
64
15
61
62
9
33
37
148
