179
91
55
52
106
178
3
32
8
165
119
40
185
169
196
81
187
174
90
107
27
71
58
164
7
21
138
49
102
155
144
64
83
89
183
143
170
0
153
76
23
186
114
15
61
62
9
33
37
148
111
167
74
152
19
189
99
182
136
63
133
151
51
109
72
59
118
60
115
198
46
68
93
140
36
67
108
69
163
110
139
191
142
159
193
41
96
5
42
192
160
48
30
54
147
104
184
28
11
166
77
105
116
65
47
131
149
24
4
112
126
156
29
127
194
6
173
180
158
53
121
100
26
97
1
101
150
87
2
82
120
44
25
16
88
171
113
56
13
31
85
188
157
168
78
145
