162
161
194
6
173
180
158
53
136
182
121
99
100
26
97
101
150
1
87
125
74
152
19
189
94
130
12
124
111
167
148
37
33
9
62
102
49
32
3
178
106
52
55
57
92
82
120
44
25
78
31
13
56
188
157
168
145
179
91
169
196
81
187
174
90
107
27
71
58
164
7
95
39
165
119
40
185
8
138
14
155
144
61
15
64
114
186
23
76
89
183
143
170
0
117
93
140
36
163
67
108
69
18
199
159
195
146
103
181
192
160
48
30
54
147
104
184
28
166
11
84
4
112
126
156
29
24
149
131
77
105
47
65
116
5
96
41
193
191
110
139
198
46
60
141
66
51
109
118
59
72
