56
13
31
85
188
157
168
78
145
179
91
196
81
187
174
169
40
119
90
107
27
71
58
164
7
95
39
165
8
185
106
178
3
32
138
14
155
144
102
49
128
167
111
148
37
33
9
62
61
15
64
114
186
23
76
89
183
153
0
170
117
93
140
36
67
108
69
163
110
191
139
68
46
198
115
116
105
77
43
42
5
96
41
193
159
195
146
103
181
192
160
48
30
54
147
104
184
28
166
11
84
4
112
126
156
29
24
149
131
47
65
59
118
60
141
66
51
109
72
162
161
194
6
173
180
158
53
136
182
63
94
130
12
124
19
189
99
121
100
26
101
150
1
97
152
74
125
87
2
82
120
44
25
16
88
171
113
