49
102
62
9
33
37
148
111
167
128
178
3
32
138
8
185
40
119
165
39
95
7
164
58
71
27
107
90
187
81
174
169
196
17
157
188
56
13
31
168
91
179
145
78
25
44
120
82
2
87
125
74
152
97
1
150
101
26
100
19
124
12
130
94
189
99
121
182
136
53
158
180
173
6
194
161
162
72
59
118
109
51
66
141
60
46
198
115
96
5
105
116
65
47
77
166
28
184
11
131
149
24
29
156
126
112
4
190
10
177
104
147
54
30
48
160
192
181
103
146
195
159
193
41
191
139
110
163
69
108
67
36
140
93
117
170
0
153
183
89
76
23
186
114
64
15
61
144
155
