48
160
192
181
103
146
22
20
18
69
108
67
163
36
140
93
68
46
198
139
191
110
142
159
193
41
96
5
42
28
184
11
166
131
149
77
105
47
65
116
59
72
118
60
141
109
51
66
176
137
23
186
114
64
15
61
62
9
33
37
148
111
167
128
102
144
155
49
178
3
32
138
8
185
40
119
165
39
95
7
164
58
71
27
107
90
187
81
174
169
196
91
179
145
78
168
157
31
85
188
56
13
171
88
16
25
44
120
82
2
87
125
74
152
97
1
150
101
26
100
19
189
99
121
182
136
53
158
180
173
6
194
161
24
29
156
126
112
4
190
10
177
104
147
54
30
