116
5
96
115
198
46
60
141
66
51
109
118
59
72
162
161
194
6
173
180
158
53
136
182
63
94
130
12
124
74
152
19
189
99
121
100
26
97
101
150
1
87
2
82
120
44
25
78
145
179
91
168
31
13
56
188
157
17
196
81
187
174
169
40
119
185
8
165
39
90
107
27
71
58
164
7
21
132
144
155
14
138
32
3
178
49
128
167
111
148
37
33
9
62
61
15
64
114
186
23
76
89
183
153
0
170
117
93
140
36
67
108
69
163
110
139
191
41
193
159
195
146
103
181
192
160
48
30
54
147
104
177
10
190
4
112
156
29
126
35
11
184
28
166
77
105
47
65
