84
4
112
126
156
29
24
149
131
47
65
116
105
77
43
42
5
96
115
59
118
60
141
66
51
109
72
162
161
194
6
173
180
158
53
136
182
121
99
189
19
94
130
12
124
111
167
87
125
74
152
1
97
26
100
101
150
120
44
82
92
179
91
145
168
78
16
88
171
113
56
13
31
85
188
157
17
196
81
187
174
169
40
119
185
8
165
90
107
27
71
58
164
7
95
39
138
32
3
178
49
102
155
144
61
62
9
15
64
114
186
23
76
89
183
153
0
170
117
93
140
68
46
198
139
110
191
41
193
159
195
146
103
181
192
160
48
30
54
147
104
184
28
166
11
