161
24
149
131
47
65
116
105
77
166
11
184
28
192
160
48
30
54
147
104
177
10
190
4
112
126
156
29
127
194
6
173
180
158
53
136
182
121
99
100
26
97
1
101
150
87
125
74
152
19
189
94
130
12
124
111
167
172
129
82
120
44
25
78
145
168
31
13
16
88
171
113
56
188
157
17
196
169
174
81
187
90
107
27
71
58
164
7
95
39
165
119
40
185
8
138
32
49
102
155
144
62
9
61
15
64
114
186
23
76
89
183
153
0
170
117
93
140
36
163
67
108
69
18
20
22
146
103
195
159
193
41
191
110
139
198
46
60
141
66
51
109
118
59
72
162
