15
61
62
9
33
37
148
111
167
128
49
102
144
155
14
138
32
3
178
106
185
40
119
8
165
39
95
7
164
58
71
27
107
90
187
81
174
169
196
91
179
145
78
168
157
188
85
31
13
56
113
171
88
16
25
44
120
82
2
87
125
74
152
97
1
150
101
26
100
19
189
99
121
182
136
53
158
180
173
6
194
161
162
72
59
118
109
51
66
141
60
46
68
110
139
191
193
41
96
5
105
116
65
47
77
149
131
166
28
184
11
35
29
156
126
112
4
190
10
177
104
147
54
30
48
160
192
181
103
146
195
159
163
69
108
67
36
140
93
117
170
0
153
183
89
76
23
186
114
64
