104
147
54
30
48
160
192
181
103
146
195
159
193
41
191
110
139
198
46
68
163
69
108
67
36
140
93
117
170
0
153
183
89
76
23
186
114
64
15
148
12
130
94
124
111
167
33
37
9
62
61
144
155
102
49
138
32
3
178
106
52
55
179
91
185
40
119
8
165
39
95
7
164
58
71
27
107
90
187
81
174
169
196
17
157
188
56
113
171
88
16
13
31
168
145
78
82
44
120
2
87
125
74
152
1
150
101
97
26
100
19
189
99
121
182
136
53
158
180
173
6
194
161
162
72
109
51
66
141
60
118
59
65
116
105
77
166
28
184
11
35
29
156
126
112
4
190
10
177
