154
47
148
22
185
95
86
110
128
124
62
18
55
174
183
140
199
59
28
101
149
4
53
184
155
167
189
69
109
35
0
12
39
29
49
33
160
144
68
8
56
104
171
157
138
182
11
139
2
43
126
13
145
15
3
70
161
132
169
65
188
6
150
192
147
71
67
120
191
178
10
133
44
17
100
122
90
125
51
98
116
121
131
1
197
38
27
16
42
156
24
198
30
117
151
54
31
193
164
73
136
105
190
80
46
162
45
142
175
78
5
123
177
7
61
79
91
141
97
77
58
87
82
111
41
143
159
119
153
186
163
165
127
89
103
26
180
176
88
194
166
52
179
172
57
66
94
