44
17
100
63
102
38
27
16
197
1
24
156
42
30
198
117
193
105
190
80
46
162
45
136
73
164
31
54
151
19
112
121
131
90
125
116
158
25
123
177
5
142
175
78
7
61
79
91
87
82
58
77
50
14
41
111
68
8
171
157
104
56
144
160
33
138
182
139
11
49
29
39
12
0
109
35
143
159
119
153
186
163
165
127
89
103
26
113
194
166
52
172
57
179
22
66
94
154
47
148
9
199
59
28
101
149
4
140
183
174
95
110
86
88
180
176
64
128
124
62
18
55
34
69
167
189
145
15
3
70
161
13
126
132
169
65
188
6
150
192
85
2
74
118
98
51
120
67
71
191
178
10
133
