182
138
11
139
2
85
74
118
98
51
116
121
112
19
151
54
31
73
164
193
117
198
30
42
156
24
1
197
16
27
38
131
125
120
67
71
191
90
122
32
102
63
100
17
44
133
10
178
115
147
192
150
6
188
65
169
132
161
70
3
15
167
189
145
13
126
195
49
33
160
144
56
104
8
87
82
68
111
41
37
12
39
29
0
109
35
143
159
119
106
124
128
62
18
55
174
183
140
4
149
101
28
199
59
20
23
60
148
47
154
94
66
57
22
130
95
110
86
185
179
172
52
166
48
76
114
103
89
127
165
163
26
113
194
88
176
180
129
186
153
81
77
58
91
79
61
7
78
175
142
162
46
80
190
105
136
45
5
123
177
171
25
