174
53
184
155
84
3
70
161
65
188
150
192
6
169
132
126
13
145
15
189
167
69
109
35
0
12
29
39
160
33
49
11
139
182
138
157
171
177
123
5
142
45
136
73
164
54
151
19
112
25
158
116
121
131
125
51
98
120
67
71
191
90
178
10
133
44
17
100
63
102
38
27
16
197
1
24
156
42
30
198
117
31
193
105
190
80
46
162
175
78
7
61
79
91
87
58
82
8
104
56
144
68
111
41
143
159
119
153
186
129
180
176
88
194
113
26
103
163
89
165
127
114
137
75
76
48
166
86
110
128
124
62
18
55
181
95
185
22
179
52
172
57
66
94
154
47
148
20
59
28
101
149
4
199
140
183
