131
121
116
98
51
120
67
71
191
90
125
122
32
102
63
100
17
44
133
10
178
115
147
192
150
6
188
65
169
132
126
13
145
15
161
70
3
189
167
155
184
53
152
170
34
55
18
62
128
110
95
9
199
140
4
149
101
28
59
20
23
60
148
47
154
94
66
57
172
52
179
22
185
86
166
48
76
75
137
114
194
88
176
180
26
103
89
127
165
163
186
153
119
106
124
143
159
41
37
35
109
0
12
39
29
49
160
33
138
11
139
182
25
123
177
171
157
104
56
8
87
82
68
111
50
77
58
91
79
61
7
5
78
175
142
45
162
46
80
190
105
136
73
164
193
31
54
151
117
198
30
42
156
24
1
197
16
27
38
