61
79
91
87
82
58
77
50
14
41
143
159
119
153
186
163
165
127
89
103
26
180
176
88
194
166
86
110
95
185
22
179
52
172
57
66
94
154
47
148
20
59
28
101
149
4
140
199
9
183
174
53
152
170
34
55
18
62
128
124
35
109
0
12
29
39
111
68
8
171
25
182
138
157
104
56
144
160
33
49
11
139
2
43
126
13
145
15
3
70
161
132
169
65
188
6
150
192
147
115
178
10
133
44
17
100
122
131
125
90
191
71
67
120
51
98
116
121
112
19
151
117
198
156
24
1
197
102
63
92
38
27
16
42
30
193
31
54
164
73
136
105
190
80
46
162
175
78
142
45
5
123
177
7
