27
16
197
1
131
121
112
19
151
24
156
42
30
198
117
193
54
31
164
73
136
105
190
80
46
162
45
142
175
78
5
7
177
123
25
182
138
11
49
33
160
39
29
12
0
109
35
37
111
68
8
56
104
157
171
87
82
58
77
50
14
41
119
159
143
106
124
62
18
55
174
95
130
22
185
86
110
128
64
88
176
180
26
103
163
89
165
127
137
114
194
166
52
179
172
57
66
94
154
47
148
9
199
59
28
101
149
4
140
53
184
167
189
155
84
70
161
3
15
145
195
126
13
132
169
65
188
6
150
192
134
2
85
98
51
120
67
71
125
90
191
178
10
133
44
17
100
63
102
38
