189
167
155
184
53
4
149
101
28
59
199
140
174
183
9
148
47
154
94
66
57
172
52
179
22
185
95
86
110
128
83
55
18
62
124
106
143
159
119
129
180
176
88
194
166
48
76
75
137
114
26
103
89
127
165
163
186
153
81
77
58
50
14
41
111
68
82
91
79
61
21
87
8
104
56
144
160
33
49
11
138
182
25
171
123
177
7
5
45
142
78
175
162
46
80
190
105
136
73
164
54
31
193
117
198
30
42
27
38
16
197
1
24
156
151
19
112
121
116
98
51
120
67
71
191
90
125
131
135
32
102
63
100
17
44
133
10
178
115
147
192
150
6
188
65
169
132
161
70
3
15
13
126
195
145
