82
87
91
79
61
177
7
142
78
175
46
162
45
5
123
25
171
157
138
11
139
182
74
118
98
51
120
67
71
191
90
125
131
121
112
19
151
54
31
164
73
136
105
193
117
198
30
42
156
24
1
197
16
27
38
102
32
96
63
100
17
44
133
10
178
115
147
192
150
85
2
134
6
188
65
169
132
126
13
161
70
3
15
145
189
167
155
184
53
174
183
140
4
149
101
28
199
59
20
23
60
148
47
154
94
66
57
172
52
179
22
185
95
86
166
194
88
176
180
26
103
127
165
89
163
186
153
119
159
143
106
124
128
110
62
18
55
34
69
109
35
0
12
39
29
49
33
160
144
56
104
8
68
111
41
14
50
77
58
