186
153
119
159
143
106
124
128
62
18
55
174
183
140
199
59
28
101
149
4
53
184
155
167
189
3
70
161
15
145
13
132
65
188
169
126
195
168
43
2
139
182
138
11
49
33
160
144
68
111
12
39
29
0
109
35
37
41
14
50
77
58
82
8
56
104
157
171
25
158
116
121
112
19
131
125
90
191
51
98
120
67
71
178
10
133
44
17
100
63
102
38
27
16
197
1
24
156
42
30
198
117
151
54
31
193
164
73
136
105
190
80
46
162
175
78
142
45
5
7
177
21
87
61
79
91
141
97
146
187
165
127
89
103
26
180
176
88
194
166
86
185
179
52
172
57
66
94
154
47
60
23
148
22
130
95
110
64
163
