123
177
21
87
8
68
82
58
77
97
141
91
79
61
7
5
45
142
78
175
162
46
80
190
105
136
173
19
112
121
131
151
54
31
73
164
193
117
198
30
42
156
24
1
197
16
27
38
102
32
96
63
100
17
44
133
10
178
90
125
191
71
67
120
51
98
118
74
2
85
192
150
6
188
65
169
132
161
70
3
15
145
13
126
195
168
139
182
138
11
49
33
160
29
109
69
189
167
155
184
53
4
149
101
28
59
20
23
60
148
47
154
94
66
57
172
52
179
22
185
95
9
199
140
183
174
55
18
62
143
159
106
124
128
110
86
166
194
88
176
180
26
103
89
127
165
163
186
153
119
41
111
37
35
0
12
39
144
56
104
157
171
25
