25
158
116
98
51
120
67
71
191
178
10
133
44
17
100
63
102
32
122
90
125
131
121
112
19
151
198
156
24
1
197
16
38
27
42
30
117
193
54
31
164
73
136
105
190
80
46
162
175
78
142
45
5
7
61
79
91
141
97
77
58
82
87
8
68
111
50
14
41
119
159
143
106
124
128
110
86
194
88
176
180
26
163
165
127
89
103
114
137
75
76
48
166
52
172
57
179
22
66
94
154
47
148
20
59
28
101
149
4
199
140
183
174
55
18
62
34
170
152
53
184
155
167
189
69
109
35
0
12
39
29
49
11
168
195
126
13
145
15
3
70
161
132
169
65
188
6
150
192
85
2
139
182
138
33
160
144
56
104
157
171
177
123
