51
98
118
74
2
85
192
150
6
188
65
169
132
161
70
3
15
145
13
126
195
168
139
182
138
11
49
33
160
39
12
0
35
109
29
69
189
167
155
184
53
152
170
34
55
18
62
143
159
119
106
124
128
110
86
95
174
183
140
4
149
101
28
59
199
9
22
148
47
154
94
66
57
172
179
52
166
194
88
176
180
26
103
114
137
127
165
89
163
186
153
81
77
58
50
14
41
111
68
144
56
104
8
82
87
91
79
61
7
177
123
171
25
158
116
121
112
19
151
54
31
164
73
136
45
142
78
175
162
46
80
190
105
193
117
198
30
42
156
24
1
197
16
27
38
102
63
100
17
44
133
10
178
191
90
125
