102
63
100
17
44
133
10
178
71
67
120
51
98
118
74
2
85
192
150
6
188
65
169
132
126
13
145
15
3
161
70
84
155
189
167
184
53
4
149
101
28
59
199
140
183
174
55
18
62
124
128
110
86
95
185
22
148
47
154
94
66
57
172
179
52
166
194
88
176
180
26
103
127
165
89
163
186
153
81
77
50
14
41
37
35
109
0
12
29
39
160
33
49
11
139
182
138
157
104
56
144
111
68
8
87
82
58
91
79
61
7
78
175
142
5
123
177
171
25
158
19
112
121
116
125
191
90
131
1
197
24
151
54
31
164
73
136
45
162
46
80
190
105
193
117
198
30
156
42
16
27
38
