38
27
16
197
1
24
156
42
30
198
117
151
54
31
193
164
73
136
105
190
80
46
162
175
78
142
45
5
7
177
123
25
171
87
58
82
8
68
111
41
14
50
77
81
153
186
119
159
143
106
176
180
88
113
26
163
89
165
127
103
114
194
166
86
110
128
124
62
18
83
181
95
185
22
179
52
172
57
66
94
154
47
148
20
59
28
101
149
4
199
140
183
174
55
34
170
152
53
184
155
84
3
15
70
161
65
188
169
132
126
13
145
189
167
69
109
35
0
12
29
39
160
144
56
104
33
49
11
138
182
139
2
85
6
150
192
147
71
67
120
51
98
116
121
112
19
131
125
90
191
178
10
133
44
17
100
63
102
