121
116
51
98
85
2
139
11
182
138
157
104
56
144
160
33
49
29
39
12
0
35
109
69
167
189
145
195
126
13
132
169
188
65
161
70
15
3
84
155
184
53
174
55
18
62
124
128
110
86
95
183
140
4
149
101
28
59
199
9
148
47
154
94
66
22
179
57
172
52
166
194
88
176
180
26
103
114
137
127
165
89
163
186
153
119
159
143
41
111
50
77
58
82
68
8
87
91
79
61
7
177
171
25
123
5
45
142
78
175
162
46
80
190
105
136
73
164
31
54
151
193
117
198
30
42
156
24
1
197
16
27
38
102
32
96
63
100
17
44
133
10
178
191
90
125
131
