56
144
160
33
49
11
139
2
43
168
195
126
13
145
15
3
70
161
132
169
65
188
6
150
192
147
115
178
10
133
44
17
100
63
92
27
42
30
198
117
193
164
73
31
54
151
156
24
1
197
16
38
102
32
135
131
121
116
125
90
191
71
67
120
51
98
118
74
182
138
157
171
25
123
177
5
45
162
46
175
78
142
7
61
79
91
87
82
58
77
81
153
186
163
89
165
127
137
114
103
26
180
176
88
194
166
64
128
124
62
18
55
83
110
86
185
179
52
172
57
154
94
66
22
130
95
174
183
140
199
9
148
60
23
20
59
28
101
149
4
53
184
155
167
189
69
109
29
39
12
0
35
37
41
111
68
8
104
