98
51
125
90
191
178
10
133
44
17
100
63
102
38
27
16
197
1
24
156
42
30
198
117
151
54
73
164
31
193
105
136
162
46
175
78
142
45
5
123
25
171
177
7
61
79
91
87
8
68
111
41
14
50
82
58
77
81
153
186
163
89
165
127
137
114
103
26
180
176
64
124
62
18
55
83
128
110
86
88
194
166
52
179
172
57
66
94
154
47
148
22
185
95
9
199
59
28
101
149
4
140
183
174
53
184
167
189
155
84
3
15
145
70
161
132
169
65
188
6
150
192
147
71
67
120
85
2
43
126
13
195
168
139
11
49
33
160
144
56
104
157
138
182
74
118
