138
182
2
85
98
51
120
67
71
191
178
10
133
44
17
100
122
90
125
131
121
112
19
151
156
24
1
197
38
27
16
42
30
198
117
193
54
31
164
73
136
105
190
80
46
162
175
78
142
45
5
7
61
79
91
177
123
25
171
87
82
58
77
97
153
186
163
165
127
89
103
26
180
176
88
194
166
86
110
128
124
62
18
55
174
95
185
22
179
52
172
57
66
94
154
47
148
60
23
20
59
28
101
149
4
199
140
53
184
155
167
189
145
15
3
70
161
65
188
169
132
13
126
195
168
139
11
49
33
160
39
29
12
0
109
35
37
41
143
159
119
81
14
50
111
68
8
56
104
157
