87
82
58
77
97
146
187
165
127
114
137
75
76
48
166
194
88
176
180
26
103
89
163
186
153
119
159
143
41
111
68
8
171
157
104
56
144
33
49
160
39
29
12
0
35
109
69
145
15
3
189
167
34
55
18
62
124
128
110
86
95
185
22
179
52
172
57
66
94
154
47
148
20
59
28
101
149
4
199
140
183
174
53
184
155
84
70
161
65
188
169
132
13
126
195
168
139
11
138
182
2
85
6
150
192
147
71
191
90
125
67
120
51
98
118
25
158
116
121
112
19
151
117
198
156
24
1
197
102
32
122
133
44
17
100
63
92
38
27
16
42
30
193
54
31
164
73
136
105
190
80
46
162
175
78
142
45
5
123
177
7
61
79
91
