65
188
6
150
192
147
71
67
120
191
90
125
51
98
118
74
85
2
139
11
138
182
25
158
19
112
121
131
122
133
44
17
100
63
96
32
102
38
27
16
197
1
24
156
42
30
198
117
151
54
31
193
164
73
136
105
190
80
46
162
45
142
175
78
5
7
177
123
171
157
104
56
8
68
144
160
33
49
29
39
12
0
35
109
69
34
55
18
62
110
128
124
106
143
159
119
41
111
50
58
82
87
21
61
79
91
141
97
77
81
153
186
163
89
165
127
103
26
180
176
88
194
166
86
95
185
22
179
52
172
57
66
94
154
47
148
20
59
28
101
149
4
199
140
183
174
53
184
155
167
189
3
70
161
15
145
13
126
132
169
