176
180
26
103
127
165
89
163
186
153
81
77
97
141
91
79
61
7
177
123
25
171
87
58
50
14
119
159
143
41
111
68
82
8
104
56
144
160
33
138
182
139
2
85
98
51
125
131
121
112
19
151
54
31
164
73
136
45
142
78
175
162
46
80
190
105
193
117
198
30
42
156
24
1
197
16
27
38
102
32
96
63
100
17
44
133
10
178
90
191
120
67
71
147
192
150
6
188
65
169
132
161
70
3
84
155
184
167
189
15
145
13
126
195
168
11
49
29
39
12
0
35
109
69
34
55
18
62
124
128
181
174
183
9
199
140
4
149
101
28
59
20
148
47
154
94
66
57
172
52
179
22
185
95
110
86
166
194
88
