111
144
56
104
8
68
82
87
171
177
91
79
61
7
5
45
142
78
175
162
46
80
190
105
136
173
123
25
158
112
19
151
54
73
164
31
193
117
198
30
42
156
24
1
197
16
27
38
92
63
102
32
135
131
121
116
98
51
125
90
122
100
17
44
133
10
178
191
120
67
71
147
192
150
6
85
2
188
65
169
132
126
13
145
15
161
70
3
189
167
69
109
29
49
11
139
182
138
33
160
39
12
0
35
34
170
152
53
174
183
140
199
4
149
101
28
59
20
23
60
148
47
154
94
66
57
172
52
179
22
185
95
181
55
18
62
110
128
124
106
143
159
119
129
180
176
88
194
166
48
76
75
137
114
26
103
89
127
165
163
186
153
81
77
58
50
14
41
