166
86
110
64
88
176
180
26
103
89
127
165
163
186
153
119
159
143
35
109
0
12
39
160
144
56
104
8
68
111
41
14
50
77
58
82
87
91
79
61
7
177
123
171
25
158
116
98
51
120
67
71
191
90
125
131
121
112
19
173
5
45
142
78
175
162
46
80
190
105
136
73
164
193
31
54
151
117
198
30
42
156
24
1
197
16
27
38
102
63
100
17
44
133
10
178
115
147
192
150
6
188
65
169
132
161
70
3
15
145
13
126
43
2
139
11
182
138
33
49
29
69
189
167
155
184
53
152
170
34
55
18
62
124
128
181
95
174
183
140
4
149
101
28
59
199
9
148
47
154
94
66
57
22
179
172
52
48
194
