53
184
155
84
70
161
3
15
145
189
167
69
109
35
0
12
39
29
49
33
160
144
56
104
157
138
182
11
139
2
43
126
13
132
169
65
188
6
150
192
147
71
67
120
191
90
178
10
133
44
17
100
63
102
38
27
16
197
1
24
156
42
30
198
117
193
105
190
80
46
162
136
73
164
31
54
151
19
112
121
131
125
51
98
116
158
25
171
177
123
5
45
142
175
78
7
61
79
91
141
97
77
58
82
87
8
68
111
41
14
81
153
186
165
127
114
137
75
76
48
166
194
88
176
180
26
103
89
163
129
119
159
143
106
124
128
110
62
18
55
174
183
140
199
9
95
185
22
179
52
172
57
66
94
154
47
148
60
23
20
59
28
101
149
4
