91
79
61
7
177
171
25
123
5
45
142
78
175
162
46
80
190
105
136
73
164
31
54
193
117
198
30
156
42
16
27
38
197
1
24
151
19
112
121
116
98
51
120
67
71
191
90
125
131
135
32
102
63
100
17
44
133
10
178
115
147
192
150
6
188
65
169
134
85
2
182
138
33
160
49
11
139
168
195
126
13
145
15
161
70
3
189
167
69
109
0
29
39
12
35
34
62
124
128
18
55
170
152
53
4
149
101
28
59
199
140
183
174
181
110
86
95
185
22
148
47
154
94
66
57
172
179
52
166
194
88
176
180
113
114
137
127
165
89
103
26
163
186
153
119
159
143
41
111
50
77
58
82
68
8
56
104
87
