180
26
103
89
127
165
163
186
153
119
159
143
81
77
97
141
91
79
61
21
87
8
68
82
58
50
14
41
111
37
35
109
0
12
39
29
49
11
33
160
144
56
104
157
138
182
25
171
123
177
7
5
78
175
142
45
162
46
80
190
105
136
73
164
31
54
151
193
117
198
30
42
156
24
1
197
16
27
38
102
63
100
17
44
133
10
178
115
147
192
150
71
67
120
51
191
90
125
131
19
112
121
116
98
118
74
2
85
6
188
65
169
132
126
13
145
15
161
70
3
189
167
69
34
62
18
55
174
95
130
22
9
199
140
4
149
101
28
59
20
23
60
148
47
154
94
66
57
172
52
179
185
86
110
128
124
64
166
194
88
176
