44
133
10
178
191
90
125
120
67
71
147
192
150
6
188
65
169
132
161
70
3
15
145
13
126
195
168
11
49
33
160
39
29
12
0
35
109
69
189
167
155
184
53
152
170
34
55
18
62
110
95
130
22
9
199
140
4
149
101
28
59
20
23
60
148
47
154
94
66
57
172
52
179
185
86
166
194
88
113
26
103
127
165
89
163
180
176
64
128
124
106
143
159
119
41
111
50
77
58
87
82
68
8
56
104
157
138
182
139
2
85
98
51
116
121
112
19
151
54
73
173
123
25
171
177
7
5
45
142
78
175
162
46
80
190
105
136
164
31
193
117
198
30
42
156
24
1
197
16
27
38
102
32
96
63
100
17
