132
169
6
67
71
191
90
125
51
98
85
2
139
11
49
33
160
39
29
69
189
167
155
184
53
152
170
34
55
18
62
124
128
64
176
180
88
194
166
86
110
95
185
22
9
199
140
4
149
101
28
59
20
23
60
148
47
154
94
66
57
172
179
52
48
76
75
137
114
26
103
89
127
165
163
186
153
119
159
143
41
14
50
77
58
82
87
8
68
111
37
35
109
0
12
144
56
104
171
157
138
182
25
158
116
121
112
19
151
54
31
164
73
136
45
142
78
175
162
46
80
190
105
193
117
198
30
156
42
27
38
16
197
1
24
131
135
32
102
63
100
17
44
133
10
178
115
147
192
150
188
65
161
70
3
15
145
195
126
13
