103
129
119
106
128
110
86
194
88
176
180
26
114
137
75
76
48
166
52
179
172
57
66
94
154
47
148
20
59
28
101
149
4
199
9
22
185
95
174
183
140
53
152
170
34
55
18
62
124
143
159
41
111
37
35
109
0
12
39
29
69
189
167
184
155
84
3
70
161
15
145
13
126
132
169
65
188
6
150
192
85
2
51
98
118
74
182
138
11
49
33
160
144
56
8
104
157
171
177
123
25
158
19
112
121
131
125
120
67
71
191
90
178
10
133
44
17
100
63
96
32
102
38
27
16
197
1
24
156
42
30
198
117
151
54
31
73
164
193
105
136
162
46
175
78
142
45
5
7
61
79
91
87
68
82
58
77
50
14
81
153
186
163
165
127
89
