136
173
112
19
151
54
31
73
164
193
117
198
30
42
156
24
1
197
16
27
38
102
32
96
63
100
17
44
133
10
178
191
90
125
71
67
120
51
121
116
98
118
74
85
2
139
182
138
33
160
49
11
168
195
126
13
145
15
161
70
3
189
167
155
184
53
174
183
140
4
149
101
28
59
199
9
95
185
22
179
57
172
52
166
194
114
137
127
165
89
163
103
26
180
176
88
86
110
128
62
18
55
34
124
106
143
35
109
29
39
12
0
37
41
159
119
186
153
81
77
58
50
111
144
56
104
8
68
82
87
91
79
61
171
25
123
177
7
5
78
175
142
45
162
46
80
190
105
