66
57
22
179
172
52
166
194
88
176
180
26
103
114
137
127
165
89
163
186
153
81
77
58
82
87
91
79
61
7
177
171
157
104
56
8
68
111
41
37
35
109
0
12
29
39
160
33
49
11
138
182
25
123
5
45
142
78
175
162
46
80
190
105
136
73
164
31
54
151
193
117
198
30
42
156
24
1
197
16
27
38
102
63
100
17
44
133
10
178
191
90
125
131
121
116
51
120
71
67
98
85
2
134
192
150
6
188
65
169
132
126
13
161
70
3
15
145
189
167
155
184
53
152
170
34
55
18
62
124
128
110
86
95
174
183
140
199
4
149
101
28
59
20
23
60
148
47
154
94
