162
46
80
190
105
136
73
164
193
31
54
151
117
198
30
42
156
24
1
197
16
27
38
102
63
100
17
44
133
10
178
191
90
125
131
121
112
19
25
158
116
98
51
120
67
71
147
192
150
6
85
2
188
65
169
132
126
13
145
15
161
70
3
84
155
184
167
189
69
34
124
128
62
18
55
174
183
140
4
149
101
28
59
199
9
148
23
60
47
154
94
66
57
172
52
179
22
185
95
110
86
176
180
88
194
166
48
76
75
137
114
26
103
89
127
165
163
186
153
81
77
58
82
87
8
68
111
41
37
35
109
0
12
29
39
160
49
11
139
182
138
33
144
56
104
157
171
123
177
7
5
45
142
78
175
