194
88
176
180
26
103
127
165
89
163
186
153
119
159
143
35
109
0
12
39
160
33
138
182
157
104
56
144
111
41
14
50
77
58
87
82
68
8
171
25
123
177
91
79
61
7
5
78
175
142
45
162
46
80
190
105
136
73
164
31
54
151
193
117
198
30
42
156
24
1
197
16
27
38
92
63
40
17
100
96
102
32
135
131
19
112
121
116
125
90
191
71
67
120
51
98
118
74
2
85
192
150
6
188
65
169
132
161
70
3
15
145
13
126
195
168
139
11
49
29
69
189
167
155
184
53
152
170
34
18
62
124
128
110
83
55
174
183
140
199
4
149
101
28
59
20
23
60
148
47
154
94
66
22
130
95
185
179
57
172
52
166
