2
43
126
195
145
15
3
70
161
13
132
169
65
188
6
150
192
147
115
178
10
133
44
17
100
63
102
38
27
16
197
1
24
156
42
30
198
117
193
105
136
73
164
31
54
151
19
112
121
131
125
90
191
71
67
120
51
98
118
74
182
138
157
104
56
144
68
8
82
87
171
25
123
177
5
45
162
46
175
78
142
7
61
79
91
141
97
77
58
50
14
81
153
186
163
165
127
89
103
26
180
176
88
194
166
52
172
57
154
94
66
179
22
9
199
148
60
23
20
59
28
101
149
4
140
183
174
53
184
155
167
189
69
34
55
18
62
181
95
86
110
128
124
106
143
159
119
41
111
37
35
109
0
12
29
39
160
33
49
11
139
