198
117
193
105
190
80
46
162
175
78
142
45
136
73
164
31
54
151
19
112
121
116
158
25
171
123
177
7
61
79
91
141
97
77
58
82
87
104
157
138
182
139
11
49
33
160
144
56
8
68
111
41
37
12
39
29
0
35
109
69
34
55
18
62
124
128
110
64
88
176
180
26
103
163
89
165
127
114
137
75
76
194
166
86
95
185
22
179
52
172
57
66
94
154
47
148
20
59
199
28
101
149
4
140
183
174
53
184
155
167
189
3
70
161
15
145
13
126
132
169
65
188
6
150
192
85
2
74
118
98
51
125
90
191
120
67
71
178
10
133
44
17
100
63
102
38
27
16
197
1
24
156
42
30
