183
174
140
199
4
149
101
28
59
20
23
60
148
47
154
94
66
57
172
52
179
22
185
166
194
88
176
180
26
103
89
127
114
137
165
163
186
153
81
77
58
82
87
91
79
61
177
7
78
175
142
5
123
171
25
158
116
121
112
19
151
54
31
164
73
136
45
162
46
80
190
105
193
117
198
30
42
156
24
1
197
16
27
38
102
63
100
17
44
133
10
178
115
147
192
150
71
67
120
191
90
125
51
98
118
74
85
2
139
182
138
157
104
56
8
68
41
111
144
33
160
39
12
35
109
0
29
49
11
43
188
65
169
132
13
126
195
145
15
3
161
70
84
155
184
167
189
69
34
55
18
62
124
128
110
86
95
9
