153
186
163
180
176
88
113
26
103
89
165
127
114
137
75
76
48
166
194
64
110
86
95
185
22
179
52
172
57
66
94
154
47
148
20
59
28
101
149
4
199
140
183
174
55
18
62
128
124
106
143
159
119
41
111
50
58
82
68
56
144
160
33
49
29
39
12
0
35
109
69
189
167
184
155
84
3
15
145
70
161
65
150
192
147
115
178
10
133
44
17
100
63
102
32
135
131
121
112
19
151
117
198
24
1
197
38
27
16
42
156
30
193
54
31
164
73
136
105
190
80
46
162
45
142
175
78
5
7
177
123
171
25
158
116
118
74
2
85
98
51
125
90
191
120
67
71
6
188
169
132
13
126
43
139
11
182
138
157
104
8
87
21
61
79
91
141
97
77
81
