57
66
94
154
47
60
23
148
22
185
95
9
199
59
28
101
149
4
140
183
174
53
184
155
167
189
145
15
3
70
161
13
126
132
169
65
188
6
134
2
85
150
192
147
115
178
10
133
44
17
100
63
102
32
122
90
191
71
67
120
51
125
131
121
112
19
151
117
198
30
156
24
1
197
16
38
27
42
196
193
31
54
164
73
136
105
190
80
46
162
45
142
175
78
5
123
177
7
61
79
91
87
171
157
138
182
25
158
116
98
118
74
139
11
49
33
160
144
56
104
8
68
82
58
77
81
153
186
163
165
127
89
103
26
113
194
88
176
180
129
119
159
143
41
111
37
35
109
0
12
39
29
69
34
55
18
62
124
128
110
86
166
52
179
172
