22
185
95
181
55
18
62
124
128
110
86
166
194
88
176
180
26
103
127
165
89
163
186
153
81
77
58
91
79
61
7
5
142
78
175
46
162
45
123
177
21
87
82
8
68
111
41
37
12
0
35
109
69
15
145
13
126
195
168
11
49
29
39
160
33
144
56
104
171
157
138
182
139
2
85
71
67
120
51
98
116
121
112
19
151
54
31
73
164
193
117
198
30
42
156
24
1
197
16
27
38
102
32
135
131
125
90
191
178
133
44
10
115
147
192
150
6
188
65
169
132
161
70
3
84
155
189
167
184
53
174
183
140
199
4
149
101
28
59
20
23
60
148
47
154
94
66
57
172
52
179
