26
163
186
153
119
159
143
35
109
29
39
12
0
37
41
111
68
8
82
58
77
97
141
91
79
61
21
87
104
56
144
160
33
49
11
139
2
85
98
116
121
112
158
25
182
138
157
171
123
177
7
5
45
142
78
175
162
46
80
190
105
136
173
19
151
54
31
73
164
193
117
198
30
42
156
24
1
197
16
27
38
102
32
96
63
100
17
44
133
122
131
125
51
120
67
71
191
90
178
115
147
192
150
6
188
65
169
132
126
13
161
70
3
15
145
189
167
155
184
53
152
170
34
55
18
62
124
128
110
86
95
185
22
179
57
172
52
166
194
88
176
180
113
114
137
127
165
89
103
