140
183
174
53
184
155
84
3
70
161
132
169
65
188
6
150
192
85
2
74
118
98
120
67
71
191
90
125
51
116
121
112
19
131
122
133
44
17
100
63
102
38
27
16
197
1
24
156
42
30
198
117
151
54
31
193
164
73
136
105
190
80
46
162
175
78
142
45
5
7
61
79
91
87
21
177
123
25
171
157
104
56
144
68
8
82
58
77
81
153
186
165
127
114
137
75
76
48
166
194
88
176
180
26
103
89
163
129
119
159
143
41
111
37
35
109
0
12
29
39
160
33
49
138
182
11
139
168
195
126
13
145
15
189
167
69
34
55
18
62
124
128
110
86
95
185
22
179
52
172
57
66
94
154
47
148
20
59
199
28
101
149
4
