0
109
35
143
159
62
110
128
124
106
119
153
186
163
89
165
127
103
26
180
176
88
194
166
52
172
57
179
22
66
94
154
47
148
20
59
199
28
101
149
4
140
183
174
55
34
170
152
53
184
155
167
189
145
15
3
70
161
13
126
132
169
65
188
6
150
192
147
115
178
10
133
44
17
100
63
102
38
27
16
197
1
24
156
42
30
198
117
193
54
31
164
73
136
105
190
80
46
162
175
78
142
45
5
173
151
19
112
121
116
158
25
118
98
51
125
90
191
71
67
120
85
2
139
182
138
11
49
33
160
144
56
68
8
104
157
171
123
177
7
61
79
91
87
82
58
77
50
14
41
111
39
29
12
