175
78
142
45
5
123
177
7
61
79
91
87
171
25
182
138
11
49
33
160
39
29
12
0
109
35
37
41
111
144
56
104
8
68
82
58
77
50
14
81
153
186
163
165
127
137
114
89
103
26
180
176
88
194
166
86
110
128
124
62
18
55
181
95
185
22
179
52
172
57
66
94
154
47
148
60
23
20
59
199
28
101
149
4
140
183
174
53
184
167
189
155
84
3
70
161
15
145
195
126
13
132
169
65
188
6
134
2
85
150
192
147
115
178
10
133
44
17
100
63
102
38
27
16
42
156
24
197
1
131
125
90
191
71
67
120
51
98
116
121
112
19
151
198
30
117
193
54
31
164
73
136
105
190
80
46
162
