192
147
71
67
120
98
51
125
90
191
178
10
133
44
17
100
63
102
38
27
16
197
1
24
156
42
30
198
117
151
54
31
193
164
73
136
105
190
80
46
162
45
142
175
78
5
7
177
123
25
182
138
33
144
56
104
157
171
87
21
61
79
91
141
97
77
58
82
8
68
111
41
143
159
119
153
186
163
89
165
127
103
26
180
176
88
194
166
86
110
128
124
62
18
55
174
95
185
22
179
52
172
57
66
94
154
47
148
60
23
20
59
28
101
149
4
199
140
53
184
155
167
189
69
109
35
0
12
29
39
160
49
11
139
2
43
168
195
126
13
145
15
3
70
161
132
169
65
188
6
150
