149
4
140
183
174
53
184
155
84
70
161
3
15
145
189
167
69
109
35
0
12
29
39
160
33
49
11
139
43
126
13
132
169
65
188
6
150
192
147
115
178
10
133
44
17
100
63
96
32
102
38
27
16
197
1
24
156
42
30
198
117
193
31
164
73
54
151
19
112
121
131
125
90
191
71
67
120
51
98
85
2
182
138
25
171
157
104
56
8
82
68
111
41
14
50
77
58
87
21
177
123
173
136
105
190
80
46
162
45
142
175
78
5
7
61
79
91
141
97
153
186
163
165
127
89
103
26
113
194
88
176
180
129
119
159
143
106
124
62
18
55
83
128
110
86
95
185
22
179
52
172
57
66
94
154
47
148
9
199
59
28
101
