55
83
128
110
86
185
179
52
172
57
66
94
154
47
148
22
130
95
9
199
59
28
101
149
4
140
183
174
53
184
155
167
189
15
3
70
161
145
13
126
195
29
39
12
0
109
35
37
111
41
14
50
77
58
87
82
68
8
104
56
144
160
33
49
11
139
182
138
157
171
177
123
25
158
116
121
131
125
90
191
71
67
120
51
98
85
2
43
169
65
188
6
150
192
147
115
178
10
133
44
17
100
63
102
38
27
16
197
1
24
156
42
30
198
117
151
54
31
193
164
73
136
105
190
80
46
162
45
142
175
78
5
7
61
79
91
141
97
146
187
165
127
89
103
26
113
194
88
176
180
163
186
153
119
159
143
106
124
62
18
