127
165
89
163
180
176
88
194
166
86
179
22
185
95
9
199
140
183
174
55
18
62
110
128
124
106
143
159
119
186
153
81
77
58
50
14
41
111
68
82
87
91
79
61
7
142
78
175
162
46
80
190
105
136
45
5
177
123
25
182
138
157
171
104
8
56
144
160
33
49
11
139
2
85
74
118
98
51
125
90
131
121
112
19
151
54
73
164
31
193
117
198
30
42
156
24
1
197
16
27
38
102
63
100
17
44
133
10
178
191
120
67
71
147
192
150
6
188
65
169
132
126
13
161
70
3
15
145
29
39
12
0
35
109
69
189
167
155
184
53
4
149
101
28
59
20
148
47
154
94
66
57
172
52
48
76
114
26
103
