59
199
28
101
149
4
140
53
184
155
167
189
69
109
35
0
12
39
29
195
126
13
145
15
3
70
161
132
169
65
188
6
150
192
147
115
178
10
133
44
90
191
71
67
120
51
125
131
122
100
17
40
63
96
32
102
38
27
16
197
1
24
156
42
30
198
117
193
151
54
31
164
73
136
105
190
80
46
162
45
142
175
78
5
7
177
123
25
158
19
112
121
116
98
118
74
85
2
139
182
138
11
49
33
160
144
56
68
8
104
157
171
61
79
91
87
82
58
50
111
41
14
81
77
97
153
186
163
89
165
127
137
114
194
88
176
180
26
103
129
119
159
143
106
124
128
62
18
55
174
95
110
86
166
52
172
57
179
22
66
94
154
47
148
60
23
20
