104
56
8
87
82
68
144
160
33
49
11
138
182
139
2
85
192
150
6
188
65
169
126
13
132
161
70
3
15
145
189
167
155
184
53
152
170
69
109
29
39
12
0
35
143
159
119
106
124
64
176
180
88
194
166
86
110
128
62
18
55
174
95
185
22
9
199
140
4
149
101
28
59
20
23
60
148
47
154
94
66
57
172
179
52
48
76
75
137
114
26
103
89
127
165
163
186
153
81
14
41
111
50
58
77
97
141
91
79
61
7
177
123
5
45
142
78
175
162
46
80
190
105
136
73
164
54
31
193
30
156
42
27
38
16
197
1
24
198
117
151
19
112
121
131
135
32
102
63
100
17
44
133
10
178
90
125
191
71
67
120
51
98
116
158
25
171
157
