103
26
180
176
88
194
166
52
179
172
57
66
154
94
22
185
95
86
110
128
124
62
18
55
174
183
140
199
9
148
20
59
28
101
149
4
53
184
155
167
189
69
195
126
13
145
15
3
70
161
132
169
65
188
6
150
192
147
115
178
10
133
44
17
100
63
102
32
122
90
191
71
67
120
125
131
121
116
51
98
118
74
85
2
139
182
138
157
171
177
123
25
173
73
164
31
54
151
198
156
24
1
197
16
38
27
42
30
117
193
136
105
190
80
46
162
45
142
175
78
5
7
61
79
91
87
58
82
68
8
104
56
144
33
11
49
160
29
109
35
0
12
39
111
41
14
50
77
81
153
186
163
165
127
89
