17
44
133
10
178
191
90
125
51
120
67
71
147
192
150
6
188
65
169
43
2
85
74
118
98
116
121
158
25
171
157
138
182
139
11
49
33
160
144
56
104
8
68
111
50
14
41
143
159
119
129
180
176
88
194
64
110
128
124
62
18
35
0
12
39
29
109
69
145
195
126
13
15
161
70
3
189
167
155
184
53
152
170
34
55
174
183
140
199
4
149
101
28
59
20
23
60
148
47
154
94
66
57
172
52
179
22
185
95
86
166
48
76
75
137
114
26
103
89
127
165
163
186
153
81
77
58
82
87
91
79
61
7
177
123
5
45
142
78
175
162
46
80
190
105
136
73
164
193
31
54
19
112
151
117
198
30
42
156
24
1
197
16
27
38
102
63
100
