13
161
70
3
15
145
189
167
155
184
53
4
149
101
28
59
199
140
183
174
55
34
69
109
35
0
12
39
29
49
11
33
160
144
56
104
8
68
111
41
119
159
143
106
124
128
110
62
18
83
181
95
185
22
179
57
172
52
166
194
88
176
180
113
114
137
127
165
89
103
26
163
186
153
81
77
58
82
87
91
79
61
7
5
45
142
78
175
162
46
80
190
105
136
73
164
193
31
54
151
117
198
30
42
156
24
1
197
16
27
38
102
32
96
63
100
17
44
133
10
178
90
125
191
71
67
120
51
98
116
121
112
19
158
25
123
177
171
157
138
182
139
2
85
192
150
6
188
65
169
132
126
