150
6
188
65
169
132
126
13
161
70
3
15
145
189
167
155
184
53
152
170
34
69
109
35
0
12
29
39
160
33
49
11
139
182
138
157
104
56
8
68
111
41
119
159
143
106
124
62
128
110
86
185
22
130
95
181
83
18
55
174
183
140
199
4
149
101
28
59
20
23
60
148
47
154
94
66
57
172
179
52
166
48
76
75
137
114
194
88
176
180
26
103
89
127
165
163
186
153
81
77
58
82
87
91
79
61
7
78
175
142
46
162
45
5
123
177
171
25
158
116
121
112
19
151
54
31
164
73
136
105
193
117
198
30
42
156
24
1
197
16
27
38
102
32
96
63
100
17
44
133
10
178
191
90
125
71
67
120
51
98
118
74
2
85
192
