128
124
106
143
159
119
153
186
129
180
176
88
113
26
103
163
89
165
127
137
114
194
166
86
179
52
172
57
66
94
154
47
148
20
59
28
101
149
4
199
9
22
185
95
183
140
174
53
184
155
167
189
15
3
70
161
145
13
132
169
65
188
126
43
2
85
98
51
120
67
71
191
90
178
10
133
44
17
100
63
102
32
122
125
131
38
27
16
197
1
24
156
42
30
198
117
151
54
31
193
164
73
136
105
190
80
46
162
175
78
7
177
123
5
142
45
173
19
112
121
116
158
25
171
157
104
56
8
82
87
21
61
79
91
58
77
50
14
41
111
68
144
160
33
138
182
139
11
49
29
39
12
0
35
109
69
34
55
18
62
110
