145
13
132
65
188
169
126
43
2
139
182
138
11
49
33
160
39
29
109
35
0
12
144
56
104
8
68
82
87
171
25
158
19
112
121
116
98
51
120
67
71
191
125
90
178
10
133
44
17
100
63
102
38
27
16
197
1
24
156
42
30
198
117
151
54
31
193
164
73
136
105
190
80
46
162
45
142
175
78
5
123
177
7
61
79
91
58
77
81
153
186
163
89
165
127
137
114
103
26
180
176
88
194
166
52
179
172
57
66
94
154
47
148
22
185
95
86
110
128
124
106
119
159
143
62
18
55
174
183
140
199
59
28
101
149
4
53
184
155
167
189
3
70
161
15
