189
145
15
3
70
161
132
13
126
169
65
188
6
150
192
147
71
67
120
51
125
90
191
178
10
133
44
17
100
63
102
38
27
16
197
1
24
156
42
30
198
117
131
121
112
19
151
54
31
193
164
73
136
105
190
80
46
162
45
142
175
78
5
7
61
79
91
87
82
58
77
50
14
41
111
68
8
56
104
157
171
177
123
25
158
116
98
85
2
139
182
138
11
49
33
160
39
29
12
0
109
35
62
110
128
124
106
143
159
119
153
186
163
165
127
89
103
26
114
137
75
76
113
180
176
88
194
166
86
185
22
179
52
172
57
66
94
154
47
148
60
23
20
59
28
101
149
4
140
199
9
95
181
83
18
55
34
170
152
53
184
155
167
