15
145
13
126
43
2
85
98
51
120
67
71
191
90
125
131
121
112
19
158
25
171
157
138
182
139
11
49
33
160
144
56
104
8
68
111
12
39
29
0
109
35
37
41
119
159
143
106
124
128
110
86
95
9
140
183
174
55
18
62
34
69
189
167
155
184
53
4
149
101
28
199
59
20
23
60
148
47
154
94
66
22
179
57
172
52
166
48
76
75
137
114
194
88
176
180
26
103
89
127
165
163
186
153
81
77
58
82
87
91
79
61
7
177
123
5
78
175
142
45
46
162
136
105
193
31
164
73
54
151
117
198
30
42
156
24
1
197
16
27
38
102
32
96
63
100
17
44
133
10
178
115
147
192
150
6
188
65
169
132
161
70
3
