176
180
26
103
89
127
165
163
186
153
81
14
41
50
77
58
91
79
61
7
5
45
142
78
175
46
162
136
105
193
31
164
73
54
151
19
112
158
25
118
98
51
120
67
71
191
90
125
116
121
131
1
197
24
198
117
30
156
42
16
27
38
102
63
100
17
44
133
10
178
115
147
192
150
6
188
65
169
132
161
70
3
15
145
13
126
195
168
43
2
139
182
138
11
49
33
160
144
56
104
157
171
123
177
21
87
82
8
68
111
37
12
39
29
0
109
35
143
159
119
106
124
128
110
62
18
55
34
69
189
167
155
184
53
4
149
101
28
59
20
23
60
154
57
172
52
179
66
94
47
148
9
199
140
183
174
95
130
22
185
86
166
194
88
