13
132
169
65
188
6
150
192
147
71
67
120
98
51
125
90
191
178
10
133
44
17
100
63
102
38
27
16
197
1
24
156
42
30
198
117
193
105
190
80
46
162
175
78
142
7
177
123
5
45
136
73
164
31
54
151
19
112
121
116
158
25
171
157
104
8
68
56
144
12
0
35
18
62
110
128
124
106
143
159
119
41
111
50
58
82
87
21
61
79
91
141
97
77
81
153
186
163
165
127
89
103
26
180
176
88
194
166
52
172
179
22
57
66
94
154
47
148
60
23
20
59
28
101
149
4
199
140
183
174
55
34
170
152
53
184
155
167
189
69
109
29
39
160
33
49
11
138
182
139
2
43
126
195
145
15
3
70
161
