145
189
167
155
184
53
174
183
140
199
4
149
101
28
59
20
148
9
95
185
22
66
57
172
179
52
166
194
114
137
127
89
165
153
186
163
103
26
180
176
88
86
110
128
83
55
18
62
124
106
143
159
119
41
111
50
77
58
82
87
8
68
144
56
104
157
171
177
7
142
78
175
162
46
80
190
105
193
117
198
30
42
156
24
1
197
16
27
38
102
63
100
17
44
133
10
178
191
90
125
51
120
67
71
147
192
150
6
134
2
85
98
116
121
112
19
151
54
31
164
73
136
45
5
123
25
182
138
11
49
33
160
39
29
12
0
35
109
69
195
126
13
132
169
188
65
161
70
3
15
