113
194
88
176
180
129
186
153
97
141
91
79
61
21
87
171
123
177
7
5
45
142
78
175
162
46
80
190
105
136
73
164
193
31
54
151
117
30
198
24
156
42
27
38
16
197
1
19
112
25
158
116
121
131
135
32
102
63
100
17
44
133
10
178
191
90
125
51
98
120
67
71
147
192
150
6
188
65
169
2
43
126
13
132
161
70
3
15
145
189
167
69
109
35
0
12
29
39
160
33
49
11
139
182
138
157
104
56
144
68
8
82
58
77
50
111
41
119
159
143
106
124
128
110
62
18
55
34
170
152
53
174
183
140
4
149
101
28
199
59
20
23
60
148
47
154
94
66
57
22
179
172
52
166
48
76
75
137
114
127
165
89
163
103
26
