68
82
87
171
25
123
177
7
5
78
175
142
45
46
162
136
105
193
164
73
31
54
117
198
30
156
42
16
27
38
197
1
24
151
19
112
121
131
135
32
102
63
100
17
44
133
10
178
191
90
125
51
98
120
67
71
147
192
150
6
188
65
169
134
85
2
43
168
195
126
13
145
15
161
70
3
189
167
155
184
53
174
183
140
199
4
149
101
28
59
20
148
47
154
94
66
57
22
179
172
52
166
194
88
176
180
26
103
89
127
165
163
186
153
81
77
58
50
111
41
119
159
143
106
124
128
110
62
18
55
34
69
109
35
0
12
29
39
160
49
11
139
182
138
33
144
56
104
8
