33
160
39
29
12
0
109
35
37
111
41
143
159
119
81
14
50
58
82
87
8
68
144
56
104
157
171
177
7
61
79
91
141
97
77
153
186
163
103
89
165
127
137
114
26
180
176
88
194
166
86
110
128
124
62
18
55
181
95
185
22
179
52
172
57
66
94
154
47
148
20
59
28
101
149
4
199
140
183
174
53
184
155
167
189
69
195
126
13
145
15
3
70
161
132
169
65
188
6
150
192
85
2
74
118
98
120
67
71
178
10
17
100
63
102
32
122
44
133
191
90
125
51
116
121
131
38
27
16
197
1
24
156
42
30
198
117
193
151
54
31
164
73
136
105
190
80
46
162
45
142
175
78
5
123
25
182
138
11
49
