117
193
31
54
164
73
136
173
123
25
182
138
11
139
2
85
192
150
6
188
65
169
126
13
132
161
70
3
15
145
189
167
155
184
53
152
170
34
55
18
62
181
95
130
22
9
199
140
4
149
101
28
59
20
23
60
148
47
154
94
66
57
172
52
179
185
86
166
194
88
180
176
64
110
128
124
106
143
159
119
129
163
26
103
89
127
165
186
153
81
77
58
82
91
79
61
21
87
8
68
111
41
37
35
109
0
12
29
39
160
49
33
144
56
104
157
171
177
7
5
78
175
142
45
162
46
80
190
105
196
42
156
24
1
197
16
27
38
102
63
100
17
44
133
10
178
191
90
125
71
67
120
51
98
116
121
112
19
151
198
30
