8
104
157
171
25
123
177
7
5
78
175
142
45
46
162
136
105
196
42
156
16
27
38
197
1
24
198
30
117
193
31
164
73
54
151
19
112
121
131
135
32
102
63
100
17
44
133
10
178
90
125
191
71
67
120
51
98
118
74
2
85
192
150
6
188
65
169
132
126
13
145
161
70
3
15
189
167
155
184
53
174
183
140
4
149
101
28
59
20
23
60
148
199
9
95
185
22
179
57
172
52
48
76
75
137
114
127
165
89
163
103
26
180
176
88
194
166
86
110
128
83
55
18
62
124
106
143
159
119
41
14
50
77
58
91
79
61
21
87
82
68
111
37
35
109
0
12
39
29
49
11
139
182
138
33
160
144
56
