59
199
28
101
149
4
140
183
174
55
18
62
181
95
86
110
128
124
106
143
159
119
41
111
144
56
104
33
49
160
39
29
12
0
35
109
69
189
167
184
155
84
3
15
70
161
132
13
145
195
126
169
65
188
6
150
192
147
71
67
120
125
90
191
178
10
133
44
17
100
63
102
38
27
16
197
1
24
156
42
30
198
117
193
164
73
31
54
151
19
112
121
116
51
98
85
2
139
11
182
138
157
171
8
68
87
21
177
123
5
45
162
46
175
78
142
7
61
79
91
141
97
77
58
82
50
14
81
153
186
163
89
165
127
137
114
103
26
180
176
88
194
166
52
172
57
179
22
66
94
154
47
148
60
23
20
