83
128
110
86
176
180
88
113
26
103
163
89
165
127
137
114
194
166
52
172
179
22
57
66
94
154
47
148
20
59
28
101
149
4
199
140
183
174
53
184
155
167
189
69
109
35
0
12
29
39
160
33
49
11
138
182
139
168
195
145
15
3
70
161
65
188
169
132
13
126
43
2
85
6
150
192
147
115
178
10
133
44
17
100
63
96
32
102
38
27
16
197
1
24
156
42
30
198
117
193
105
190
80
46
162
175
78
142
45
136
73
164
31
54
151
19
112
121
131
125
90
191
71
67
120
51
98
116
158
25
171
123
177
7
61
79
91
87
82
8
104
56
144
68
111
41
14
50
58
77
81
153
186
119
159
143
106
124
62
18
55
