61
79
91
141
97
77
58
82
87
8
68
111
144
56
104
157
171
25
158
19
112
121
116
51
98
85
2
139
182
138
11
49
33
160
39
29
12
0
109
35
37
41
119
159
143
106
124
128
62
18
55
181
95
110
86
176
180
129
153
186
163
89
165
127
137
114
103
26
113
88
194
166
52
172
57
179
22
66
94
154
47
148
60
23
20
59
199
28
101
149
4
140
183
174
53
184
155
167
189
15
3
70
161
145
195
126
13
132
169
65
188
6
150
192
147
71
67
120
125
90
191
178
10
133
44
17
100
63
102
38
27
16
197
1
24
156
42
30
198
117
151
54
73
164
31
193
105
136
162
46
175
78
142
45
5
123
177
7
