124
106
159
119
186
153
81
14
50
82
58
77
97
141
91
79
61
21
87
68
8
104
56
144
160
33
49
138
182
11
139
2
85
98
116
121
112
19
151
54
31
164
73
136
45
5
123
25
171
177
7
142
78
175
162
46
80
190
105
193
117
198
30
42
156
24
1
197
16
27
38
102
63
100
17
44
133
10
178
191
90
125
51
120
67
71
147
192
150
6
188
65
169
132
126
13
145
161
70
3
15
189
167
69
109
35
0
29
39
12
37
111
41
143
62
18
55
174
183
140
199
4
149
101
28
59
20
23
60
148
47
154
94
66
57
172
52
179
22
185
95
86
166
194
113
26
103
127
165
89
163
180
176
88
64
110
128
