128
124
34
69
109
0
35
37
111
41
143
159
119
129
163
26
103
89
127
165
186
153
81
77
58
82
68
56
144
160
39
12
29
49
11
139
182
138
33
104
8
87
171
123
177
91
79
61
7
5
45
142
78
175
162
46
80
190
105
136
73
164
193
31
54
151
117
198
30
42
156
24
1
197
16
27
38
102
63
100
17
44
133
10
178
191
90
125
131
121
112
19
25
158
116
98
51
120
67
71
147
192
150
85
2
134
6
188
65
169
132
13
126
195
145
15
161
70
3
189
167
155
184
53
4
149
101
28
59
20
148
47
154
94
66
57
172
179
52
166
194
88
180
176
86
95
185
22
9
199
140
183
174
55
18
62
110
