26
103
163
89
165
127
114
137
75
76
48
52
179
172
57
66
94
154
47
148
20
59
28
101
149
4
53
184
155
84
3
15
145
70
161
65
188
169
132
13
126
43
2
139
182
138
11
49
29
12
39
160
33
144
68
8
56
104
157
171
25
158
116
98
51
120
67
71
125
90
191
178
10
133
44
17
100
63
102
38
27
16
197
1
131
121
112
19
151
54
31
117
30
198
24
156
42
196
193
164
73
136
105
190
80
46
162
45
142
175
78
5
7
177
21
87
61
79
91
141
97
77
58
82
111
41
37
35
0
109
69
189
167
34
55
18
62
143
159
119
106
124
128
110
95
174
183
140
199
9
22
185
86
166
194
88
176
180
