13
145
15
161
70
3
189
167
155
184
53
140
4
149
101
28
59
20
23
60
154
94
66
47
148
9
199
183
174
55
18
83
181
95
130
22
185
86
110
128
62
124
64
166
194
88
176
180
26
114
137
127
165
89
103
163
186
153
119
159
143
41
111
37
35
109
0
12
39
29
49
11
139
2
85
98
116
121
112
19
158
25
182
138
33
160
144
56
104
8
68
82
58
77
97
141
91
79
61
21
87
171
123
177
7
5
45
142
78
175
162
46
80
190
105
136
73
164
193
31
54
151
117
198
30
42
156
24
1
197
16
27
38
102
32
96
63
100
17
44
133
10
178
191
90
125
51
120
67
71
147
192
150
6
188
65
169
132
126
