18
55
174
140
183
95
185
22
9
199
4
149
101
28
59
20
148
47
154
94
66
57
172
179
52
48
76
75
137
114
127
89
165
153
186
163
103
26
180
176
88
194
166
86
110
128
124
106
119
159
143
35
109
0
12
29
39
160
33
49
11
138
182
25
171
157
104
56
144
111
41
68
8
87
82
58
77
97
141
91
79
61
7
177
123
5
45
142
78
175
162
46
80
190
105
136
73
164
31
54
193
196
42
27
38
16
197
1
24
156
30
198
117
151
19
112
121
116
98
51
125
191
90
122
32
102
63
100
17
44
133
10
178
71
67
147
192
150
6
85
2
43
168
195
126
13
132
169
188
65
161
70
3
15
145
189
167
155
184
53
152
170
34
62
