170
152
53
184
155
167
189
3
70
161
15
145
13
126
195
168
43
2
139
182
138
11
49
33
160
39
29
12
0
109
35
37
111
144
56
104
8
68
82
87
171
177
123
5
45
136
105
73
164
31
54
19
112
121
116
98
51
120
67
71
191
125
90
178
10
133
44
17
100
63
102
32
135
131
151
193
117
198
30
156
24
1
197
16
38
27
42
196
190
80
46
162
175
78
142
7
61
79
91
58
77
50
14
41
143
159
119
153
186
163
165
127
89
103
26
180
176
88
194
166
185
22
179
52
172
57
66
94
154
47
148
60
23
20
59
28
101
149
4
140
199
9
95
86
110
128
124
62
18
55
34
