8
68
82
87
21
177
123
171
157
104
138
182
25
158
19
112
121
131
125
90
191
71
67
120
51
98
85
2
139
11
49
33
160
29
69
189
167
184
155
84
3
70
161
15
145
195
126
13
132
169
65
188
6
150
192
147
115
178
10
133
44
17
100
63
96
32
102
38
27
16
197
1
24
156
42
30
198
117
151
54
73
164
31
193
105
136
162
46
175
78
142
45
5
7
61
79
91
58
77
97
146
187
165
137
114
26
103
127
89
163
180
176
88
194
166
52
172
179
22
57
66
94
154
47
148
60
23
20
59
28
101
149
4
199
140
183
174
55
18
62
110
128
124
106
143
159
119
186
153
81
14
41
111
37
35
109
0
12
39
144
56
