143
106
124
128
62
18
55
174
95
110
86
185
22
179
52
172
57
66
94
154
47
148
20
59
28
101
149
4
199
140
53
184
155
167
189
15
3
70
161
145
13
126
132
169
65
188
6
150
192
147
115
178
10
133
44
17
100
63
102
38
27
16
197
1
24
156
42
30
198
117
193
31
164
73
54
151
131
121
112
19
173
136
105
190
80
46
162
45
142
175
78
5
123
177
7
61
79
91
141
77
97
146
187
165
89
127
137
114
194
88
176
180
26
103
163
186
153
81
14
50
58
82
87
8
68
144
56
104
157
171
25
158
116
98
51
125
90
191
71
67
120
85
2
139
182
138
11
49
33
160
39
29
12
0
109
35
37
111
41
119
159
