180
26
114
137
127
165
89
103
163
186
153
81
77
58
82
50
14
41
111
68
8
87
91
79
61
7
78
175
142
46
162
45
5
123
177
171
25
158
116
98
51
120
67
71
191
90
125
131
121
112
19
151
54
73
164
31
193
117
198
30
42
156
24
1
197
16
27
38
102
63
100
17
44
133
10
178
115
147
192
150
6
188
65
169
132
161
70
3
15
145
13
126
43
2
139
11
49
138
182
157
104
56
144
33
160
39
29
12
0
35
109
69
189
167
155
184
53
4
149
101
28
59
199
140
183
174
55
18
62
124
128
110
86
95
185
22
148
47
154
94
66
57
172
179
52
166
194
88
176
