126
6
192
150
188
65
169
132
161
70
3
84
155
184
53
174
183
140
4
149
101
28
59
199
9
148
47
154
94
66
57
172
52
179
22
185
95
181
128
110
86
166
194
88
176
180
113
114
137
127
165
89
103
26
163
186
153
81
77
97
141
91
79
61
58
82
87
171
25
123
177
7
5
45
142
78
175
162
46
80
190
105
136
73
164
31
54
193
117
198
30
156
42
16
27
38
197
1
24
151
19
112
121
116
51
125
131
135
32
102
63
100
17
44
133
10
178
90
191
71
67
120
98
118
74
85
2
139
182
138
11
49
29
0
109
35
12
39
160
33
144
56
104
8
68
111
41
119
159
143
106
124
62
18
55
34
69
167
189
15
145
13
