164
73
31
54
117
30
42
16
27
38
197
1
24
156
198
151
19
112
121
116
158
25
171
157
104
138
182
2
85
98
51
125
120
67
71
191
90
122
32
102
63
100
17
44
133
10
178
115
147
192
150
6
188
65
169
132
161
70
3
15
145
13
126
43
139
11
49
33
160
144
56
8
68
111
41
37
35
0
12
39
29
109
143
159
119
153
186
163
89
103
26
180
176
88
194
166
52
179
22
185
95
86
110
128
124
62
18
55
34
170
152
53
174
183
140
4
149
101
28
199
59
20
148
47
154
94
66
57
172
48
76
75
137
114
127
165
187
146
97
77
58
82
87
91
79
61
7
177
123
5
45
142
78
175
46
162
136
105
193
