103
89
127
165
163
180
176
88
64
110
128
124
62
18
55
34
69
109
0
29
49
11
33
160
39
12
35
143
159
119
186
153
81
77
50
14
41
111
68
144
56
104
8
82
58
87
91
79
61
7
177
123
173
19
151
54
31
164
73
136
45
142
78
175
162
46
80
190
105
193
117
198
30
42
156
24
1
197
16
27
38
102
63
100
17
44
133
10
178
90
125
191
71
67
120
51
98
116
121
112
158
25
171
157
138
182
139
2
85
192
150
6
188
65
169
132
126
13
145
15
3
161
70
84
155
189
167
184
53
174
183
140
199
4
149
101
28
59
20
23
60
148
47
154
94
66
57
172
52
179
22
185
95
86
166
194
113
26
