29
39
12
0
35
109
69
167
189
145
13
126
195
168
11
138
182
139
2
85
192
150
6
188
65
169
132
161
70
15
3
84
155
184
53
152
170
34
55
174
183
140
199
4
149
101
28
59
20
148
47
154
94
66
57
172
52
179
22
185
95
181
83
18
62
110
128
124
106
119
159
143
37
111
41
14
81
153
186
163
89
103
26
180
176
88
194
166
48
76
75
137
114
127
165
187
146
97
77
58
91
79
61
7
5
78
175
142
45
162
46
80
190
105
136
73
164
193
31
54
151
117
198
30
42
156
24
1
197
16
27
38
92
63
100
17
44
133
10
178
122
32
102
131
125
90
191
71
67
120
51
98
116
121
112
19
158
25
123
177
171
87
82
68
8
104
56
144
160
33
49
