133
44
17
100
63
102
38
27
16
197
1
24
156
42
30
198
117
151
54
73
164
31
193
105
136
162
46
175
78
142
45
5
123
177
7
61
79
91
87
82
68
8
104
56
33
11
49
29
109
35
0
12
39
160
144
111
41
14
50
58
77
81
153
186
163
89
165
127
137
114
103
26
180
176
88
194
166
52
172
179
22
57
66
94
154
47
148
60
23
20
59
28
101
149
4
199
140
183
174
53
152
170
34
55
18
62
110
128
124
106
119
159
143
69
167
189
145
15
3
70
161
13
126
132
169
65
188
6
150
192
85
2
139
182
138
157
171
25
158
19
112
121
131
125
51
98
120
67
71
191
90
178
10
