150
192
147
115
178
10
133
44
17
100
63
102
38
27
16
197
1
131
90
191
125
116
121
112
19
151
54
31
117
30
198
24
156
42
196
193
164
73
136
105
190
80
46
162
175
78
142
45
5
7
177
123
25
171
157
104
8
68
82
87
58
77
50
14
41
111
144
56
33
138
182
139
11
49
160
39
29
12
0
109
35
143
159
119
153
186
163
165
127
89
103
26
113
194
88
180
176
64
124
62
18
55
83
128
110
86
95
185
22
179
52
172
57
66
94
154
47
148
20
59
28
101
149
4
199
140
183
174
53
184
155
167
189
3
70
161
15
145
195
126
13
132
169
65
188
6
134
2
85
98
51
120
67
71
