4
199
140
183
174
53
152
170
34
55
18
62
37
41
111
68
8
82
87
171
157
104
56
144
33
49
160
39
29
12
0
35
109
69
167
189
3
70
161
15
145
13
126
132
169
65
188
6
150
192
85
2
139
11
138
182
25
158
116
98
51
120
67
71
125
90
191
178
10
133
44
17
100
63
102
32
135
131
121
112
19
151
156
24
1
197
16
38
27
42
30
198
117
193
31
54
164
73
136
105
190
80
46
162
45
142
175
78
5
123
177
7
61
79
91
58
77
81
153
186
119
159
143
106
124
128
110
95
130
22
185
86
194
88
176
180
26
103
163
89
165
127
114
137
75
76
48
166
52
179
172
57
66
94
154
47
148
60
23
20
59
28
101
149
